0.000010 0.142470 0.000010 0.029067 0.005117 0.000010 0.045995 0.000010 0.003770 0.773532 0.000010
0.000010 0.192797 0.000010 0.007417 0.000010 0.000010 0.068311 0.008740 0.000010 0.722675 0.000010
0.000010 0.168585 0.000010 0.017619 0.000010 0.000010 0.055886 0.000010 0.003822 0.754027 0.000010
0.000010 0.174359 0.000010 0.000010 0.000010 0.000010 0.065906 0.000010 0.000010 0.748290 0.011374
0.000010 0.192345 0.000010 0.004755 0.000010 0.000010 0.074111 0.000010 0.010190 0.718539 0.000010
0.000728 0.187482 0.000010 0.010532 0.000010 0.000010 0.057978 0.000010 0.002210 0.741021 0.000010
0.000010 0.135305 0.000010 0.027962 0.000010 0.000010 0.070198 0.000010 0.005360 0.759690 0.001435
0.003922 0.194786 0.000010 0.023884 0.000010 0.000010 0.049643 0.000010 0.000010 0.727705 0.000010
0.000010 0.200533 0.000010 0.010053 0.000010 0.000010 0.071142 0.000010 0.000010 0.707287 0.010926
0.000010 0.183179 0.000010 0.021739 0.000010 0.000010 0.058729 0.000010 0.002720 0.733573 0.000010
0.000010 0.188373 0.000010 0.025497 0.000010 0.000010 0.068959 0.000010 0.004664 0.711629 0.000828
0.000010 0.186980 0.000010 0.000010 0.007864 0.000010 0.078453 0.000010 0.005939 0.720704 0.000010
0.001141 0.178427 0.000010 0.000010 0.000010 0.000010 0.074239 0.000010 0.004557 0.739528 0.002057
0.003912 0.200789 0.000010 0.000010 0.000010 0.000010 0.060375 0.000010 0.000010 0.734853 0.000010
0.003181 0.160404 0.000010 0.014469 0.000010 0.000010 0.058862 0.000010 0.004281 0.758753 0.000010
0.004419 0.179207 0.000010 0.028325 0.000010 0.000010 0.061117 0.000496 0.001805 0.724591 0.000010
0.000010 0.174436 0.000010 0.016760 0.000010 0.000010 0.067285 0.000010 0.002829 0.738631 0.000010
0.000010 0.184386 0.000010 0.000170 0.000010 0.000010 0.075374 0.000010 0.004850 0.735160 0.000010
0.000811 0.174499 0.000010 0.016285 0.000010 0.000010 0.067660 0.000010 0.000010 0.740685 0.000010
0.000010 0.194985 0.000010 0.002778 0.000010 0.000010 0.085418 0.000014 0.004586 0.712169 0.000010
0.000010 0.202410 0.000010 0.015106 0.000010 0.000010 0.046696 0.000010 0.006029 0.729699 0.000010
0.000010 0.180831 0.000010 0.016060 0.000010 0.000010 0.059697 0.001379 0.000010 0.737955 0.004027
0.000010 0.176222 0.000010 0.002203 0.000010 0.000010 0.053736 0.002276 0.012489 0.753023 0.000010
0.013712 0.159547 0.000014 0.012937 0.000010 0.000010 0.050125 0.004521 0.000010 0.759103 0.000010
0.000010 0.171623 0.000010 0.033365 0.000010 0.000010 0.035290 0.000010 0.000010 0.757913 0.001748
0.000010 0.158082 0.000010 0.019726 0.000010 0.000010 0.060412 0.000656 0.004896 0.756178 0.000010
0.006194 0.182967 0.000010 0.016161 0.000010 0.000010 0.050746 0.002564 0.005659 0.735668 0.000010
0.000010 0.166506 0.000010 0.052683 0.000010 0.000010 0.046071 0.000010 0.000010 0.734670 0.000010
0.000010 0.168940 0.000010 0.000010 0.000010 0.000010 0.060363 0.010438 0.002644 0.757554 0.000010
0.000010 0.173234 0.000010 0.013748 0.000010 0.000010 0.060315 0.004632 0.006425 0.734610 0.006996
0.000010 0.204939 0.000010 0.007719 0.000010 0.000010 0.049806 0.000010 0.000010 0.737466 0.000010
0.000010 0.224139 0.000010 0.000012 0.000010 0.000010 0.072432 0.000010 0.002946 0.694601 0.005820
0.000010 0.220581 0.000010 0.000019 0.000010 0.000010 0.088961 0.000010 0.000010 0.690369 0.000010
0.000010 0.190800 0.000010 0.000010 0.008575 0.000010 0.072657 0.000010 0.002432 0.725476 0.000010
0.000010 0.219912 0.000010 0.000010 0.000010 0.000010 0.077592 0.004812 0.000010 0.697614 0.000010
0.002313 0.207576 0.000010 0.028829 0.000010 0.000010 0.041322 0.000010 0.001407 0.717420 0.001092
0.000010 0.217441 0.000010 0.002308 0.006098 0.000010 0.070469 0.000010 0.000010 0.702971 0.000662
0.000010 0.197016 0.000010 0.020170 0.000010 0.000010 0.055365 0.001121 0.000010 0.720615 0.005663
0.000010 0.177110 0.000010 0.000010 0.000010 0.000010 0.083141 0.004057 0.001602 0.734030 0.000010
0.000010 0.198492 0.000010 0.004423 0.000010 0.000010 0.055484 0.000010 0.009619 0.731459 0.000473
0.000010 0.185249 0.000010 0.015419 0.000010 0.000010 0.068842 0.001305 0.000010 0.727613 0.001521
0.000010 0.195601 0.000010 0.015165 0.000010 0.000010 0.065611 0.000010 0.000065 0.723498 0.000010
0.000010 0.214733 0.000010 0.020381 0.000010 0.000010 0.051943 0.000010 0.001573 0.711311 0.000010
0.000010 0.215137 0.000010 0.000010 0.000010 0.000010 0.062144 0.005456 0.003481 0.710358 0.003373
0.000010 0.191972 0.000010 0.000010 0.000010 0.000010 0.077927 0.000010 0.006325 0.720735 0.002982
0.000010 0.198306 0.000010 0.023406 0.000010 0.000010 0.061579 0.000531 0.004739 0.711388 0.000010
0.000010 0.203337 0.000010 0.000865 0.000010 0.000010 0.069265 0.000010 0.000010 0.723883 0.002589
0.000010 0.219968 0.000010 0.015761 0.000010 0.000010 0.044698 0.000010 0.000010 0.718164 0.001350
0.000010 0.209779 0.000010 0.006271 0.000010 0.000010 0.061343 0.003884 0.010621 0.708052 0.000010
0.003653 0.200408 0.000010 0.009114 0.000010 0.000010 0.079501 0.007963 0.000010 0.699113 0.000207
0.000010 0.209828 0.000010 0.000010 0.000010 0.000010 0.068028 0.000010 0.000594 0.721479 0.000010
0.000883 0.196282 0.000010 0.000010 0.000010 0.000010 0.070875 0.003183 0.000010 0.728716 0.000010
0.000010 0.208401 0.000010 0.008324 0.000010 0.000010 0.083329 0.000010 0.002510 0.697376 0.000010
0.001908 0.208981 0.000010 0.000012 0.000010 0.000010 0.049349 0.005344 0.003716 0.730487 0.000173
0.010398 0.201658 0.000010 0.000012 0.000010 0.000010 0.064273 0.000010 0.000010 0.723599 0.000010
0.005099 0.199954 0.000010 0.010247 0.000010 0.000010 0.058112 0.010251 0.005069 0.709799 0.001439
0.000010 0.208589 0.000010 0.011823 0.000010 0.000010 0.072646 0.000010 0.001496 0.705386 0.000010
0.000010 0.214618 0.000010 0.000010 0.000010 0.000010 0.066149 0.000010 0.000010 0.719152 0.000010
0.000010 0.221127 0.000010 0.000010 0.000010 0.000010 0.044279 0.000010 0.003121 0.731402 0.000010
0.005410 0.204562 0.000010 0.000010 0.000010 0.000010 0.059981 0.005227 0.000010 0.724760 0.000010
0.000010 0.201676 0.000010 0.000010 0.000010 0.000010 0.087041 0.000416 0.013811 0.694670 0.002335
0.000010 0.208599 0.000010 0.000010 0.000010 0.000010 0.067048 0.005669 0.000010 0.716108 0.002517
0.000010 0.185420 0.000010 0.010814 0.000010 0.000010 0.055482 0.000010 0.001765 0.746459 0.000010
0.000010 0.000010 0.000010 0.000010 0.054734 0.000010 0.090019 0.002670 0.011332 0.838809 0.002385
0.000010 0.000010 0.000010 0.000010 0.064350 0.000010 0.074939 0.000010 0.000010 0.846645 0.013996
0.000010 0.055465 0.000010 0.000010 0.044059 0.000010 0.082508 0.000010 0.012477 0.805431 0.000010
0.000010 0.000010 0.000010 0.009345 0.056243 0.000010 0.078092 0.004232 0.007114 0.839904 0.005030
0.000010 0.000010 0.000010 0.000010 0.079227 0.000010 0.098611 0.000010 0.010865 0.809876 0.001362
0.000010 0.000010 0.000010 0.004810 0.057237 0.000010 0.086220 0.000892 0.013844 0.836948 0.000010
0.000010 0.017654 0.000010 0.000010 0.066382 0.000010 0.091127 0.000010 0.000010 0.810139 0.014639
0.000010 0.021613 0.000010 0.011718 0.063442 0.000010 0.081720 0.000010 0.000010 0.808050 0.013407
0.000010 0.131607 0.000012 0.010860 0.055070 0.000396 0.106011 0.009243 0.000010 0.686771 0.000010
0.000010 0.000010 0.000010 0.000010 0.065934 0.000010 0.095053 0.000053 0.006631 0.820488 0.011790
0.000010 0.000010 0.000010 0.013369 0.059658 0.000010 0.095281 0.007346 0.005934 0.818362 0.000010
0.000010 0.000010 0.000010 0.000010 0.070187 0.000010 0.104302 0.000010 0.003185 0.813379 0.008887
0.000010 0.000010 0.000010 0.000018 0.054492 0.000010 0.078346 0.006500 0.008226 0.843161 0.009217
0.000010 0.000010 0.000010 0.000010 0.073884 0.000010 0.104693 0.004460 0.017848 0.799055 0.000010
0.000010 0.016304 0.000010 0.000010 0.067822 0.000010 0.089757 0.000010 0.000010 0.826047 0.000010
0.000010 0.009592 0.000010 0.000010 0.061160 0.000010 0.093091 0.000010 0.004939 0.824081 0.007087
0.000010 0.056104 0.000010 0.014779 0.045800 0.000010 0.089574 0.000010 0.014112 0.779580 0.000010
0.000010 0.226814 0.000010 0.000013 0.000010 0.000010 0.091015 0.000010 0.004576 0.671614 0.005918
0.000010 0.184982 0.000010 0.008607 0.000010 0.000010 0.059650 0.003531 0.004859 0.738322 0.000010
0.003237 0.225694 0.000010 0.000010 0.000010 0.000010 0.082166 0.006361 0.000010 0.682481 0.000010
0.000010 0.198627 0.000010 0.024445 0.000010 0.000010 0.051520 0.000555 0.003451 0.721352 0.000010
0.004881 0.215716 0.000010 0.019160 0.000010 0.000010 0.052155 0.000010 0.001526 0.706512 0.000010
0.003593 0.220026 0.000010 0.000010 0.001660 0.000010 0.057827 0.000010 0.000010 0.716833 0.000010
0.005614 0.198565 0.000010 0.025709 0.000010 0.000010 0.055559 0.000010 0.000010 0.714493 0.000010
0.000010 0.193612 0.000010 0.018664 0.000010 0.000010 0.076066 0.002108 0.000313 0.709187 0.000010
0.000010 0.204108 0.000010 0.002125 0.000010 0.000010 0.074217 0.000010 0.000010 0.719480 0.000010
0.000010 0.190652 0.000010 0.002873 0.000010 0.000010 0.069985 0.000010 0.000010 0.733098 0.003331
0.000010 0.196212 0.000010 0.006688 0.000010 0.000010 0.061369 0.000261 0.000361 0.720850 0.014218
0.000010 0.216820 0.000010 0.007585 0.000010 0.000010 0.055986 0.000010 0.005996 0.713552 0.000010
0.000010 0.211449 0.000010 0.011825 0.000010 0.000010 0.060316 0.000413 0.006294 0.709654 0.000010
0.000010 0.216798 0.000010 0.009531 0.001277 0.000014 0.041885 0.000010 0.004550 0.725905 0.000010
0.000010 0.220252 0.000010 0.007398 0.000010 0.000010 0.061556 0.003790 0.012861 0.694094 0.000010
0.000010 0.209566 0.000010 0.019505 0.000010 0.000010 0.056471 0.000010 0.001007 0.704569 0.008833
0.000010 0.201997 0.000010 0.000016 0.000010 0.000010 0.060892 0.004346 0.000010 0.732689 0.000010
0.000010 0.200455 0.000010 0.018231 0.000010 0.000010 0.084531 0.000711 0.000010 0.691053 0.004969
0.000010 0.220670 0.000010 0.003363 0.000010 0.000010 0.064312 0.000010 0.008272 0.697870 0.005464
0.000010 0.188488 0.000010 0.007252 0.011658 0.000010 0.072235 0.000010 0.001593 0.718724 0.000010
0.000010 0.211377 0.000010 0.012828 0.000010 0.000010 0.039656 0.004915 0.002409 0.728765 0.000010
0.000010 0.218306 0.000010 0.016706 0.000010 0.000010 0.067985 0.002002 0.000010 0.690300 0.004652
0.000010 0.201324 0.000010 0.005367 0.000010 0.000010 0.079704 0.000010 0.000010 0.708678 0.004866
0.001894 0.196128 0.000010 0.000010 0.008204 0.000010 0.065328 0.000010 0.000010 0.728385 0.000010
0.000010 0.217783 0.000010 0.020440 0.000010 0.000010 0.059352 0.000010 0.000010 0.702354 0.000010
0.003568 0.207517 0.000010 0.000010 0.000010 0.000010 0.059574 0.000140 0.000010 0.719354 0.009796
0.002806 0.209299 0.000010 0.004988 0.000010 0.000010 0.070616 0.000010 0.000010 0.710061 0.002180
0.000010 0.214576 0.000010 0.011274 0.000010 0.000010 0.050307 0.000010 0.006531 0.717251 0.000010
0.000010 0.238525 0.000010 0.023209 0.000010 0.000010 0.023556 0.000010 0.000317 0.714334 0.000010
0.000010 0.193568 0.000010 0.006551 0.000010 0.000010 0.064236 0.000018 0.006246 0.729330 0.000010
0.000010 0.202688 0.000010 0.018659 0.000010 0.000010 0.056102 0.002457 0.003999 0.716045 0.000010
0.000010 0.198342 0.000010 0.000010 0.000594 0.000010 0.047350 0.000010 0.005944 0.743108 0.004611
0.000010 0.190978 0.000010 0.032289 0.000010 0.000010 0.046892 0.000495 0.000429 0.728868 0.000010
0.000010 0.025542 0.000010 0.012116 0.060268 0.000010 0.084120 0.000010 0.003502 0.814402 0.000010
0.000010 0.000010 0.000010 0.000010 0.073011 0.000010 0.094077 0.000010 0.000010 0.826122 0.006720
0.005182 0.024380 0.000010 0.004542 0.042348 0.000010 0.100554 0.001383 0.000010 0.815790 0.005791
0.000010 0.000010 0.000010 0.006976 0.045623 0.000010 0.095476 0.006137 0.014003 0.831735 0.000010
0.000010 0.015918 0.000010 0.000010 0.051232 0.000010 0.070505 0.016499 0.001657 0.841255 0.002894
0.000010 0.000010 0.000010 0.000010 0.088317 0.000010 0.084559 0.000010 0.000956 0.825389 0.000719
0.000010 0.000010 0.000010 0.000010 0.070054 0.000010 0.101078 0.000010 0.011909 0.813989 0.002910
0.009500 0.034979 0.000010 0.014087 0.050201 0.000010 0.069597 0.000010 0.000194 0.810645 0.010767
0.000010 0.004146 0.000010 0.000010 0.046867 0.000010 0.094057 0.001009 0.000010 0.848060 0.005812
0.000010 0.029038 0.000010 0.000010 0.038674 0.000010 0.109632 0.003676 0.006530 0.809313 0.003096
0.000010 0.000014 0.000010 0.000010 0.052259 0.000010 0.106447 0.008618 0.009911 0.814017 0.008693
0.000010 0.040901 0.000010 0.014230 0.024165 0.000010 0.087204 0.004494 0.007657 0.815712 0.005608
0.000010 0.000010 0.000010 0.007115 0.051467 0.000010 0.109270 0.000010 0.014057 0.818030 0.000010
0.000010 0.000010 0.000010 0.015063 0.048328 0.000010 0.077655 0.003123 0.000010 0.839356 0.016425
0.000010 0.000010 0.000010 0.000010 0.049236 0.000010 0.111154 0.002459 0.010470 0.815534 0.011097
0.000010 0.000010 0.000010 0.000010 0.072242 0.000010 0.103196 0.004727 0.000010 0.819766 0.000010
0.002143 0.000010 0.000010 0.000010 0.056762 0.000010 0.101148 0.000010 0.008019 0.831868 0.000010
0.001674 0.000010 0.000010 0.000010 0.076495 0.000010 0.084422 0.000010 0.004593 0.828971 0.003796
0.000010 0.041261 0.000010 0.021581 0.035373 0.000010 0.083586 0.000017 0.008378 0.809765 0.000010
0.014204 0.000010 0.000010 0.000010 0.046466 0.000010 0.116769 0.000688 0.006878 0.814944 0.000010
0.000010 0.000010 0.000010 0.000010 0.054272 0.000010 0.092407 0.000010 0.000010 0.843016 0.010235
0.000010 0.010292 0.000010 0.012598 0.049563 0.000010 0.092912 0.000010 0.007245 0.827339 0.000010
0.001427 0.057314 0.000010 0.000010 0.035576 0.000010 0.076839 0.000010 0.005275 0.817537 0.005993
0.000010 0.023238 0.000010 0.011139 0.043475 0.000010 0.100268 0.000010 0.004093 0.816632 0.001115
0.000010 0.000010 0.000010 0.000010 0.064929 0.000010 0.096365 0.002639 0.000010 0.822892 0.013116
0.000010 0.025445 0.000010 0.000010 0.063797 0.000010 0.099136 0.000617 0.009799 0.797632 0.003534
0.000010 0.016926 0.000010 0.000010 0.054015 0.000010 0.085125 0.000010 0.012359 0.831513 0.000010
0.000010 0.000010 0.000010 0.000010 0.057421 0.000010 0.098903 0.002381 0.007200 0.834034 0.000010
0.000010 0.027996 0.000010 0.011741 0.053219 0.000010 0.056199 0.004250 0.014977 0.831578 0.000010
0.000010 0.009714 0.000010 0.012695 0.052797 0.000010 0.078100 0.001826 0.015248 0.817292 0.012298
0.000010 0.000010 0.000010 0.000010 0.077256 0.000010 0.076200 0.000010 0.000010 0.846463 0.000010
0.000010 0.000010 0.000010 0.000010 0.057222 0.000010 0.084280 0.000234 0.002726 0.842238 0.013249
0.000010 0.000011 0.000010 0.000010 0.069997 0.000010 0.087134 0.000638 0.000010 0.830930 0.011240
0.000010 0.000010 0.000010 0.000010 0.051290 0.000010 0.075236 0.000010 0.011149 0.857951 0.004314
0.003949 0.000014 0.000010 0.000010 0.058505 0.000010 0.101424 0.000010 0.000010 0.819397 0.016661
0.004260 0.002511 0.000010 0.000010 0.051298 0.000010 0.087058 0.000659 0.007898 0.844216 0.002071
0.000010 0.056409 0.000010 0.000010 0.049514 0.000010 0.097786 0.000010 0.009280 0.786951 0.000010
0.000010 0.009832 0.000010 0.008924 0.050268 0.000010 0.068713 0.010686 0.001394 0.841851 0.008301
0.000010 0.025230 0.000010 0.000010 0.051239 0.000010 0.090064 0.000010 0.012479 0.820928 0.000010
0.000010 0.020607 0.000010 0.006953 0.042472 0.000010 0.099661 0.000010 0.000010 0.807804 0.022453
0.000013 0.014723 0.000010 0.003982 0.034092 0.000010 0.104164 0.000010 0.004545 0.833006 0.005445
0.000010 0.013940 0.000010 0.000010 0.060418 0.000010 0.088968 0.000010 0.003446 0.833169 0.000010
0.000010 0.000010 0.000010 0.003798 0.067847 0.000010 0.074836 0.000010 0.009476 0.843982 0.000010
0.000010 0.035260 0.000010 0.000010 0.043403 0.000010 0.097557 0.000010 0.006760 0.816959 0.000010
0.000010 0.002951 0.000010 0.004418 0.059983 0.000010 0.088203 0.002798 0.004805 0.836802 0.000010
0.000015 0.017530 0.000010 0.024901 0.075697 0.000010 0.067182 0.003966 0.004908 0.805771 0.000010
0.000010 0.128092 0.005025 0.029319 0.035008 0.000010 0.089080 0.000010 0.006488 0.702002 0.004956
0.000010 0.000010 0.000010 0.000010 0.070471 0.000010 0.078182 0.000010 0.000010 0.840020 0.011257
0.000010 0.000010 0.000010 0.000010 0.052485 0.000010 0.076783 0.006379 0.001597 0.850868 0.011838
0.000010 0.081138 0.000010 0.001469 0.030486 0.000010 0.087056 0.000722 0.000010 0.798670 0.000420
0.000010 0.000010 0.000010 0.004870 0.062911 0.000010 0.080509 0.000561 0.006325 0.836269 0.008515
0.006592 0.040559 0.000010 0.000010 0.041431 0.000010 0.076720 0.001418 0.002632 0.819981 0.010637
0.000010 0.000010 0.000010 0.000710 0.062016 0.000010 0.077434 0.010164 0.003691 0.845409 0.000537
0.000010 0.081269 0.000010 0.000010 0.032791 0.000010 0.091398 0.000010 0.000010 0.784866 0.009618
0.000010 0.000010 0.000010 0.007863 0.056258 0.000010 0.085668 0.000010 0.012694 0.837457 0.000010
0.009206 0.001086 0.000010 0.000379 0.056564 0.000010 0.081513 0.005444 0.010311 0.835467 0.000010
0.000010 0.028222 0.000010 0.000010 0.037232 0.000010 0.096985 0.000010 0.003748 0.827190 0.006573
0.000010 0.000010 0.000010 0.000010 0.054154 0.000010 0.097372 0.000010 0.009801 0.838604 0.000010
0.000010 0.035725 0.000010 0.000010 0.055458 0.000010 0.056200 0.000010 0.008726 0.836163 0.007679
0.000010 0.000010 0.000010 0.000010 0.063270 0.000010 0.072210 0.000010 0.007726 0.839792 0.016943
0.000010 0.013932 0.000010 0.000010 0.066328 0.000010 0.080633 0.000010 0.000010 0.835542 0.003504
0.000010 0.027204 0.000010 0.000010 0.039232 0.000010 0.084602 0.010425 0.012281 0.826207 0.000010
0.000010 0.000010 0.000010 0.000010 0.071886 0.000010 0.088372 0.003249 0.006441 0.826364 0.003637
0.007591 0.001181 0.000010 0.006099 0.051476 0.000010 0.086685 0.006069 0.000010 0.826939 0.013931
0.000010 0.000280 0.000010 0.000010 0.058133 0.000010 0.096432 0.000010 0.012219 0.832876 0.000010
0.000010 0.000010 0.000010 0.000010 0.064190 0.000010 0.090457 0.000010 0.005348 0.828156 0.011789
0.000010 0.000010 0.000010 0.003271 0.053347 0.000010 0.107828 0.000010 0.000010 0.812149 0.023345
0.000010 0.016564 0.000010 0.000010 0.061192 0.000010 0.082219 0.000010 0.000010 0.820695 0.019269
0.000010 0.000011 0.000010 0.000010 0.060956 0.000010 0.074084 0.002632 0.000010 0.842412 0.019857
0.000010 0.000010 0.000010 0.000010 0.049069 0.000010 0.107786 0.000010 0.008215 0.825018 0.009852
0.000010 0.000010 0.000010 0.001417 0.051533 0.000010 0.103332 0.007050 0.003530 0.833088 0.000010
0.000010 0.000010 0.000010 0.000010 0.051234 0.000010 0.092518 0.004919 0.001095 0.839441 0.010743
0.000010 0.000010 0.000010 0.000010 0.065671 0.000010 0.085897 0.000010 0.006734 0.826080 0.015558
0.000010 0.000010 0.000010 0.014536 0.061754 0.000010 0.078070 0.000010 0.002981 0.842599 0.000010
0.000010 0.031022 0.000010 0.005834 0.037978 0.000010 0.071486 0.003545 0.000620 0.840047 0.009438
0.000010 0.012085 0.000010 0.008570 0.064875 0.000010 0.096320 0.000010 0.011513 0.797459 0.009138
0.000010 0.000010 0.000010 0.000010 0.065216 0.000010 0.067011 0.004906 0.000010 0.852863 0.009944
0.004906 0.000010 0.000010 0.000010 0.046452 0.000010 0.101251 0.001413 0.000010 0.831546 0.014382
0.000010 0.048333 0.000010 0.012869 0.027810 0.000010 0.081233 0.003054 0.007166 0.819494 0.000010
0.000010 0.016532 0.000010 0.000010 0.052774 0.000010 0.095008 0.002522 0.007720 0.821442 0.003963
0.000010 0.000010 0.000010 0.000010 0.074437 0.000010 0.087920 0.002414 0.005119 0.828636 0.001424
0.000010 0.000010 0.000010 0.000010 0.069564 0.000010 0.091480 0.000010 0.001411 0.828126 0.009358
0.007843 0.001559 0.000010 0.003795 0.048648 0.000010 0.099361 0.000010 0.005502 0.832612 0.000650
0.633883 0.000010 0.000010 0.000010 0.359008 0.000010 0.000010 0.000010 0.007029 0.000010 0.000010
0.638548 0.000010 0.000010 0.000010 0.361362 0.000010 0.000010 0.000010 0.000010 0.000010 0.000010
0.680435 0.000010 0.000010 0.000010 0.319475 0.000010 0.000010 0.000010 0.000010 0.000010 0.000010
0.681811 0.000010 0.000010 0.000010 0.318099 0.000010 0.000010 0.000010 0.000010 0.000010 0.000010
0.610322 0.000010 0.000010 0.000010 0.386639 0.000010 0.000010 0.002959 0.000010 0.000010 0.000010
0.678651 0.000010 0.000010 0.000010 0.321255 0.000010 0.000010 0.000014 0.000010 0.000010 0.000010
0.649129 0.000010 0.000010 0.000010 0.349185 0.000010 0.000010 0.001605 0.000010 0.000010 0.000010
0.679725 0.000010 0.000010 0.000010 0.317162 0.000010 0.000010 0.000010 0.003033 0.000010 0.000010
0.645740 0.000010 0.000010 0.000010 0.350116 0.000010 0.000010 0.003853 0.000011 0.000010 0.000220
0.690028 0.000010 0.000010 0.000010 0.309881 0.000010 0.000011 0.000010 0.000010 0.000010 0.000010
0.665235 0.000010 0.000010 0.000010 0.334675 0.000010 0.000010 0.000010 0.000010 0.000010 0.000010
0.663203 0.000010 0.000010 0.000010 0.333851 0.000010 0.000010 0.000010 0.000010 0.000029 0.002847
0.681022 0.000010 0.000010 0.000010 0.318886 0.000011 0.000010 0.000010 0.000010 0.000010 0.000010
0.662670 0.003107 0.000010 0.000010 0.330479 0.000010 0.000010 0.000010 0.003673 0.000010 0.000010
0.646637 0.000010 0.000010 0.000010 0.348542 0.000010 0.000010 0.004741 0.000010 0.000010 0.000010
0.666554 0.000010 0.000017 0.000010 0.333348 0.000010 0.000010 0.000010 0.000010 0.000010 0.000010
0.651500 0.000013 0.000010 0.000010 0.339612 0.000010 0.000010 0.005581 0.000010 0.000010 0.003233
0.654321 0.000010 0.000010 0.000010 0.343092 0.000010 0.000010 0.000010 0.000010 0.000010 0.002506
0.666267 0.000010 0.000010 0.000010 0.333643 0.000010 0.000010 0.000010 0.000010 0.000010 0.000010
0.666386 0.000010 0.000010 0.000010 0.330393 0.000010 0.000010 0.000010 0.000010 0.000010 0.003141
0.669339 0.000010 0.000010 0.000010 0.330566 0.000010 0.000014 0.000010 0.000010 0.000010 0.000010
0.678461 0.000010 0.000010 0.000010 0.318976 0.000010 0.000010 0.002483 0.000010 0.000010 0.000010
0.671425 0.000010 0.000010 0.000010 0.328485 0.000010 0.000010 0.000010 0.000010 0.000010 0.000010
0.648722 0.000010 0.000010 0.000010 0.345325 0.000010 0.000010 0.000010 0.005873 0.000010 0.000010
0.661838 0.000010 0.000010 0.000010 0.332793 0.000010 0.000010 0.000010 0.005287 0.000012 0.000010
0.657221 0.000010 0.000010 0.000010 0.340737 0.000010 0.000010 0.000010 0.000010 0.000010 0.001962
0.633244 0.000010 0.000010 0.000010 0.362922 0.000010 0.000010 0.001268 0.000010 0.000010 0.002496
0.655818 0.000010 0.000010 0.000010 0.344092 0.000010 0.000010 0.000010 0.000010 0.000010 0.000010
0.659694 0.000010 0.000010 0.000010 0.337406 0.000010 0.000010 0.000010 0.000010 0.000010 0.002820
0.666934 0.000010 0.000010 0.000010 0.330075 0.000010 0.000010 0.002631 0.000285 0.000015 0.000010
0.617064 0.000010 0.000010 0.000010 0.382846 0.000010 0.000010 0.000010 0.000010 0.000010 0.000010
0.670336 0.000010 0.000010 0.000010 0.329574 0.000010 0.000010 0.000010 0.000010 0.000010 0.000010
0.656297 0.000010 0.000010 0.000010 0.343613 0.000010 0.000010 0.000010 0.000010 0.000010 0.000010
0.670653 0.000010 0.000010 0.000010 0.329257 0.000010 0.000010 0.000010 0.000010 0.000010 0.000010
0.669458 0.000010 0.000010 0.000010 0.328711 0.000010 0.000010 0.000010 0.001751 0.000010 0.000010
0.626563 0.000010 0.000010 0.000010 0.369494 0.000010 0.000010 0.000010 0.000010 0.000010 0.003864
0.655907 0.000010 0.000010 0.000010 0.344003 0.000010 0.000010 0.000010 0.000010 0.000010 0.000010
0.699429 0.000010 0.000010 0.000010 0.298814 0.000010 0.000012 0.001675 0.000010 0.000010 0.000010
0.660079 0.000010 0.000010 0.000010 0.339831 0.000010 0.000010 0.000010 0.000010 0.000010 0.000010
0.650166 0.000010 0.000010 0.000010 0.343222 0.000010 0.000806 0.000317 0.000010 0.000010 0.005429
0.681505 0.000010 0.000010 0.000010 0.318404 0.000010 0.000010 0.000010 0.000010 0.000010 0.000010
0.661208 0.000010 0.000010 0.000010 0.338702 0.000010 0.000010 0.000010 0.000010 0.000010 0.000010
0.659576 0.000010 0.000010 0.000010 0.340334 0.000010 0.000010 0.000010 0.000010 0.000010 0.000010
0.700039 0.000010 0.000010 0.000010 0.292658 0.000010 0.000010 0.000010 0.007223 0.000010 0.000010
0.000010 0.329121 0.000311 0.000010 0.018028 0.082045 0.017287 0.000010 0.064780 0.400156 0.088241
0.000010 0.303330 0.006311 0.004810 0.000010 0.172486 0.017791 0.001246 0.059842 0.293868 0.140295
0.000010 0.318724 0.001148 0.036808 0.000010 0.067058 0.023993 0.009128 0.033571 0.429566 0.079984
0.645817 0.000010 0.000010 0.000010 0.354087 0.000010 0.000010 0.000016 0.000010 0.000010 0.000010
0.638172 0.000010 0.000010 0.000010 0.361738 0.000010 0.000010 0.000010 0.000010 0.000010 0.000010
0.582010 0.000010 0.000010 0.000010 0.417391 0.000010 0.000010 0.000010 0.000013 0.000010 0.000516
0.619649 0.000010 0.000010 0.000010 0.380261 0.000010 0.000010 0.000010 0.000010 0.000010 0.000010
0.660822 0.000010 0.000010 0.000010 0.339088 0.000010 0.000010 0.000010 0.000010 0.000010 0.000010
0.663944 0.000010 0.000010 0.000010 0.335966 0.000010 0.000010 0.000010 0.000010 0.000010 0.000010
0.665726 0.000010 0.000010 0.000010 0.334184 0.000010 0.000010 0.000010 0.000010 0.000010 0.000010
0.653486 0.000010 0.000010 0.000010 0.346424 0.000010 0.000010 0.000010 0.000010 0.000010 0.000010
0.620038 0.000010 0.000010 0.000010 0.379872 0.000010 0.000010 0.000010 0.000010 0.000010 0.000010
0.651744 0.000010 0.000010 0.000010 0.348166 0.000010 0.000010 0.000010 0.000010 0.000010 0.000010
0.741416 0.000010 0.000010 0.000010 0.257580 0.000010 0.000010 0.000924 0.000010 0.000010 0.000010
0.644118 0.000010 0.000010 0.000010 0.355792 0.000010 0.000010 0.000010 0.000010 0.000010 0.000010
0.645215 0.000010 0.000010 0.000010 0.351256 0.000010 0.000010 0.000010 0.003449 0.000010 0.000010
0.685062 0.000010 0.000010 0.009874 0.292174 0.000010 0.000010 0.008588 0.004243 0.000010 0.000010
0.461648 0.000017 0.000010 0.000010 0.519108 0.000010 0.003626 0.000352 0.000010 0.002922 0.012287
0.646114 0.000010 0.000010 0.000010 0.353796 0.000010 0.000010 0.000010 0.000010 0.000010 0.000010
0.648340 0.000010 0.000010 0.000010 0.351570 0.000010 0.000010 0.000010 0.000010 0.000010 0.000010
0.625719 0.000010 0.000010 0.000010 0.374183 0.000010 0.000010 0.000018 0.000010 0.000010 0.000010
0.648600 0.000010 0.000010 0.000010 0.351310 0.000010 0.000010 0.000010 0.000010 0.000010 0.000010
0.656841 0.000010 0.000010 0.000010 0.343069 0.000010 0.000010 0.000010 0.000010 0.000010 0.000010
0.636757 0.000010 0.000010 0.000010 0.363153 0.000010 0.000010 0.000010 0.000010 0.000010 0.000010
0.619195 0.000010 0.000010 0.000010 0.380715 0.000010 0.000010 0.000010 0.000010 0.000010 0.000010
0.659462 0.000010 0.000010 0.000010 0.340119 0.000010 0.000010 0.000340 0.000010 0.000010 0.000010
0.651716 0.000010 0.000010 0.000010 0.347245 0.000010 0.000010 0.000959 0.000010 0.000010 0.000010
0.640263 0.000010 0.000010 0.000010 0.358952 0.000010 0.000010 0.000010 0.000705 0.000010 0.000010
0.673630 0.000010 0.000010 0.000010 0.326280 0.000010 0.000010 0.000010 0.000010 0.000010 0.000010
0.724614 0.000011 0.000014 0.000010 0.269999 0.000011 0.000010 0.003671 0.001640 0.000010 0.000010
0.653185 0.000010 0.000010 0.000010 0.346725 0.000010 0.000010 0.000010 0.000010 0.000010 0.000010
0.657327 0.000010 0.000010 0.000010 0.339072 0.000010 0.000010 0.003521 0.000010 0.000010 0.000010
0.667638 0.000010 0.000010 0.000010 0.331326 0.000010 0.000010 0.000010 0.000956 0.000010 0.000010
0.641713 0.000010 0.000010 0.000010 0.358197 0.000010 0.000010 0.000010 0.000010 0.000010 0.000010
0.632662 0.000010 0.000010 0.000010 0.367248 0.000010 0.000010 0.000010 0.000010 0.000010 0.000010
0.003609 0.296367 0.000010 0.000010 0.002457 0.143316 0.011688 0.008095 0.049046 0.397033 0.088371
0.004177 0.312124 0.000010 0.011752 0.000010 0.162871 0.000010 0.000010 0.045594 0.357996 0.105445
0.000283 0.337851 0.000010 0.017711 0.013393 0.066162 0.045177 0.000911 0.034917 0.421531 0.062052
0.005782 0.316545 0.005186 0.027996 0.003367 0.069505 0.014495 0.002437 0.070841 0.394193 0.089654
0.788621 0.000010 0.000010 0.000010 0.210370 0.000011 0.000010 0.000026 0.000913 0.000010 0.000010
0.748488 0.000010 0.000010 0.000010 0.249755 0.000010 0.000010 0.000010 0.001677 0.000010 0.000010
0.769893 0.000010 0.000010 0.000010 0.230017 0.000010 0.000010 0.000010 0.000010 0.000010 0.000010
0.710254 0.000010 0.000010 0.000010 0.289656 0.000010 0.000010 0.000010 0.000010 0.000010 0.000010
0.769897 0.000010 0.000010 0.000010 0.222350 0.000010 0.000010 0.006292 0.001391 0.000010 0.000010
0.732196 0.000010 0.000010 0.000010 0.266292 0.000010 0.000010 0.000010 0.000327 0.000010 0.001115
0.729526 0.000010 0.000010 0.000010 0.266333 0.000010 0.000010 0.003822 0.000248 0.000010 0.000010
0.761267 0.000010 0.000010 0.000010 0.238643 0.000010 0.000010 0.000010 0.000010 0.000010 0.000010
0.742146 0.000010 0.000010 0.000010 0.255996 0.000010 0.000010 0.001777 0.000010 0.000010 0.000010
0.763115 0.000010 0.000010 0.000010 0.234704 0.000010 0.000010 0.002100 0.000010 0.000010 0.000010
0.737143 0.000010 0.000010 0.000010 0.254519 0.000010 0.000010 0.004796 0.003472 0.000010 0.000010
0.741218 0.000010 0.000010 0.000011 0.258690 0.000010 0.000010 0.000010 0.000010 0.000010 0.000010
0.729823 0.000010 0.000010 0.000010 0.270087 0.000010 0.000010 0.000010 0.000010 0.000010 0.000010
0.770182 0.000010 0.000010 0.000010 0.218815 0.000010 0.000014 0.007073 0.000642 0.000010 0.003224
0.769030 0.000010 0.000010 0.000010 0.221953 0.000010 0.000010 0.000015 0.002710 0.000010 0.006232
0.728178 0.000010 0.000010 0.000010 0.267852 0.000010 0.000010 0.000010 0.000366 0.000010 0.003535
0.741365 0.000010 0.000010 0.000010 0.258545 0.000010 0.000010 0.000010 0.000010 0.000010 0.000010
0.737079 0.000010 0.000010 0.000010 0.262558 0.000010 0.000010 0.000010 0.000283 0.000010 0.000010
0.718587 0.000010 0.000010 0.000010 0.276027 0.000010 0.000010 0.000010 0.005306 0.000010 0.000010
0.726308 0.000010 0.000010 0.000010 0.273602 0.000010 0.000010 0.000010 0.000010 0.000010 0.000010
0.736181 0.000010 0.000010 0.000010 0.263729 0.000010 0.000010 0.000010 0.000010 0.000010 0.000010
0.769353 0.000010 0.000010 0.000010 0.224633 0.000010 0.000010 0.004118 0.001826 0.000010 0.000010
0.730390 0.000010 0.000010 0.000010 0.269520 0.000010 0.000010 0.000010 0.000010 0.000010 0.000010
0.752511 0.000010 0.000010 0.000010 0.247399 0.000010 0.000010 0.000010 0.000010 0.000010 0.000010
0.759812 0.000010 0.000010 0.000010 0.239716 0.000010 0.000010 0.000010 0.000392 0.000010 0.000010
0.014600 0.385804 0.000010 0.001736 0.000010 0.018132 0.036428 0.005324 0.024195 0.449980 0.063781
0.006710 0.369918 0.001243 0.002115 0.019119 0.045098 0.018313 0.005013 0.042993 0.406165 0.083314
0.006789 0.290183 0.011854 0.006891 0.000010 0.092545 0.001574 0.000010 0.073174 0.380766 0.136204
0.000010 0.301607 0.004096 0.000010 0.000010 0.050866 0.034757 0.014005 0.042360 0.490666 0.061613
0.000010 0.287257 0.011847 0.000010 0.000010 0.070750 0.018597 0.008552 0.045704 0.494263 0.063000
0.000010 0.270862 0.005024 0.019000 0.000010 0.040298 0.035730 0.003014 0.016084 0.549572 0.060396
0.006151 0.307251 0.000173 0.000010 0.007744 0.124462 0.000010 0.000010 0.035613 0.413140 0.105436
0.948599 0.000010 0.000010 0.000010 0.031351 0.000010 0.007649 0.012203 0.000010 0.000010 0.000138
0.978305 0.000011 0.000010 0.000010 0.000010 0.000010 0.000010 0.014201 0.007413 0.000010 0.000010
0.975189 0.000010 0.000010 0.011838 0.000010 0.000010 0.000010 0.011233 0.001670 0.000010 0.000010
0.981921 0.000010 0.000010 0.000011 0.000010 0.000010 0.000010 0.009483 0.000010 0.000010 0.008516
0.928192 0.000010 0.000010 0.015846 0.040504 0.000010 0.000010 0.009758 0.005639 0.000010 0.000010
0.960549 0.000010 0.000010 0.000010 0.012247 0.000010 0.000010 0.021392 0.005742 0.000010 0.000010
0.944285 0.000010 0.000010 0.000010 0.039554 0.000010 0.000010 0.014275 0.001816 0.000010 0.000010
0.975004 0.000010 0.000010 0.000014 0.008884 0.000010 0.000010 0.010473 0.000010 0.000010 0.005565
0.919271 0.000010 0.000010 0.000010 0.053382 0.000010 0.000010 0.012374 0.006469 0.000010 0.008445
0.939636 0.000010 0.000010 0.000010 0.044505 0.000010 0.000010 0.008815 0.003395 0.000010 0.003588
0.943299 0.000010 0.000010 0.000010 0.046889 0.000010 0.000010 0.007993 0.000846 0.000010 0.000914
0.936722 0.000010 0.000010 0.000010 0.041445 0.000010 0.007724 0.006377 0.001376 0.000010 0.006305
0.952371 0.000010 0.000010 0.003977 0.028473 0.000010 0.000010 0.013618 0.001501 0.000010 0.000010
0.973039 0.000012 0.000011 0.000010 0.011483 0.000012 0.000010 0.015394 0.000010 0.000010 0.000010
0.938598 0.000010 0.000010 0.004630 0.036981 0.000010 0.000010 0.013055 0.004745 0.000010 0.001940
0.947908 0.000010 0.000010 0.000010 0.029320 0.000010 0.000010 0.015101 0.007601 0.000010 0.000010
0.012959 0.298497 0.000010 0.006221 0.000010 0.075004 0.040928 0.000010 0.038977 0.464615 0.062768
0.002618 0.321302 0.006811 0.008454 0.003094 0.103500 0.007501 0.009888 0.050877 0.393832 0.092124
0.011219 0.240904 0.001834 0.000010 0.000010 0.224295 0.011907 0.000526 0.062318 0.373462 0.073513
0.000010 0.264027 0.014770 0.000010 0.000010 0.193745 0.017881 0.004914 0.058204 0.314845 0.131583
0.010350 0.246979 0.004661 0.012383 0.000010 0.205083 0.017935 0.000010 0.066172 0.328234 0.108183
0.000010 0.340721 0.003746 0.000010 0.009514 0.053275 0.009561 0.000010 0.037317 0.416781 0.129055
0.000010 0.289913 0.002786 0.024026 0.006352 0.119511 0.034779 0.000512 0.037004 0.418559 0.066546
0.002888 0.323912 0.001673 0.000010 0.012759 0.084282 0.039890 0.000010 0.047144 0.429721 0.057711
0.000010 0.321980 0.000010 0.007085 0.001883 0.070897 0.011890 0.001595 0.051836 0.435340 0.097474
0.000010 0.312560 0.002369 0.000010 0.013908 0.064529 0.035189 0.000241 0.048847 0.446478 0.075858
0.002094 0.327470 0.008909 0.004242 0.000010 0.072161 0.013591 0.008824 0.039904 0.417495 0.105301
0.006531 0.320803 0.006771 0.004581 0.001984 0.074427 0.016421 0.001823 0.049747 0.407999 0.108912
0.000010 0.318027 0.006018 0.003525 0.000010 0.046571 0.015099 0.011716 0.046667 0.455388 0.096969
0.000010 0.342648 0.000965 0.003089 0.000010 0.076185 0.016445 0.000738 0.045515 0.403255 0.111138
0.007883 0.334129 0.001321 0.000010 0.004996 0.076560 0.024829 0.008938 0.048407 0.393439 0.099488
0.000010 0.328047 0.000010 0.030257 0.013236 0.082578 0.016446 0.008560 0.008055 0.478316 0.034485
0.003369 0.290747 0.008365 0.008829 0.000010 0.144840 0.038983 0.017792 0.050871 0.349587 0.086606
0.000010 0.298789 0.003388 0.012806 0.000010 0.077375 0.000010 0.010394 0.070722 0.378409 0.148087
0.000010 0.252539 0.017089 0.000010 0.001577 0.179870 0.023299 0.009878 0.057601 0.360924 0.097202
0.000010 0.306907 0.000010 0.000010 0.000010 0.090906 0.027288 0.000010 0.060053 0.401992 0.112805
0.012751 0.317312 0.001465 0.016058 0.000010 0.110136 0.025612 0.000010 0.041190 0.395313 0.080143
0.009404 0.280578 0.009314 0.000010 0.000010 0.117375 0.034411 0.002293 0.075636 0.360046 0.110924
0.000010 0.313169 0.000010 0.000010 0.004576 0.137370 0.013471 0.000010 0.066211 0.410309 0.054854
0.000405 0.314432 0.000010 0.007835 0.011243 0.099826 0.037679 0.005620 0.045565 0.394883 0.082502
0.000010 0.295907 0.001009 0.000010 0.000010 0.089010 0.035494 0.006193 0.070943 0.409752 0.091661
0.002463 0.332507 0.007236 0.000010 0.000010 0.086673 0.021024 0.012869 0.047131 0.396265 0.093812
0.001302 0.324269 0.002084 0.000010 0.000010 0.135975 0.009059 0.002993 0.068865 0.336343 0.119091
0.004961 0.254976 0.001454 0.000010 0.000010 0.166985 0.020792 0.002260 0.059023 0.418214 0.071316
0.009445 0.331720 0.008348 0.008007 0.000010 0.075612 0.032719 0.000010 0.044515 0.419034 0.070578
0.000010 0.322942 0.000010 0.024938 0.000010 0.079740 0.013205 0.000010 0.020617 0.474053 0.064467
0.000012 0.298505 0.021840 0.000010 0.000010 0.200677 0.000010 0.000010 0.056928 0.352487 0.069511
0.000010 0.090248 0.028620 0.000010 0.001846 0.604440 0.006754 0.000010 0.041867 0.195104 0.031092
0.000010 0.305211 0.002510 0.008132 0.010515 0.115135 0.029404 0.000010 0.049781 0.375855 0.103436
0.010796 0.308565 0.003328 0.000010 0.000010 0.114616 0.011828 0.000746 0.046787 0.414215 0.089100
0.000010 0.345634 0.006090 0.007785 0.000010 0.011853 0.032590 0.008352 0.029046 0.513448 0.045182
0.012709 0.313155 0.002695 0.001675 0.000010 0.000410 0.024249 0.009441 0.089596 0.359138 0.186921
0.005722 0.211959 0.005862 0.000010 0.000010 0.137950 0.023106 0.007757 0.063288 0.325591 0.218745
0.007881 0.242479 0.014939 0.033027 0.000010 0.076096 0.003738 0.015889 0.070013 0.356373 0.179555
0.006441 0.346290 0.001276 0.000010 0.000010 0.017207 0.003007 0.000010 0.046474 0.469340 0.109934
0.001318 0.253079 0.000010 0.026170 0.000010 0.116266 0.000010 0.002414 0.070361 0.381725 0.148638
0.005442 0.280586 0.003873 0.000010 0.000010 0.082191 0.021779 0.003498 0.074761 0.341552 0.186299
0.002367 0.258735 0.000010 0.006063 0.000010 0.023566 0.024056 0.000010 0.095740 0.341158 0.248285
0.000010 0.213291 0.003417 0.012697 0.008324 0.168411 0.010014 0.000010 0.065819 0.299145 0.218862
0.001436 0.268258 0.000010 0.025558 0.000010 0.037425 0.029156 0.003122 0.062193 0.372615 0.200217
0.000727 0.284148 0.000011 0.002002 0.000010 0.052585 0.002109 0.002239 0.063194 0.392279 0.200698
0.023021 0.164042 0.000010 0.000010 0.000010 0.105654 0.021870 0.000544 0.145038 0.254953 0.284849
0.000018 0.244515 0.000010 0.016971 0.000010 0.227603 0.014992 0.006281 0.042421 0.351597 0.095582
0.000971 0.412939 0.000010 0.026011 0.000010 0.022675 0.072881 0.001458 0.024045 0.396808 0.042193
0.013217 0.303316 0.000010 0.000010 0.000010 0.112850 0.036711 0.000010 0.055723 0.375469 0.102674
0.000010 0.267915 0.005922 0.000767 0.003809 0.169527 0.030898 0.013324 0.054538 0.365216 0.088074
0.011788 0.393495 0.000010 0.000010 0.000010 0.066116 0.005744 0.004824 0.006206 0.461358 0.050439
0.000010 0.315557 0.000010 0.024513 0.005043 0.057165 0.021667 0.015082 0.037914 0.443125 0.079914
0.001648 0.297656 0.005578 0.000010 0.007867 0.074472 0.018693 0.010194 0.057308 0.419379 0.107196
0.006595 0.298746 0.000010 0.011930 0.015620 0.069998 0.014675 0.000010 0.066826 0.389009 0.126581
0.007069 0.287277 0.000010 0.012161 0.007722 0.134535 0.017629 0.000010 0.060827 0.382817 0.089942
0.004012 0.297110 0.004666 0.007128 0.012966 0.115992 0.014686 0.000010 0.043798 0.383985 0.115646
0.012577 0.233478 0.000010 0.000010 0.000010 0.182605 0.000010 0.003374 0.077544 0.323550 0.166831
0.000010 0.232613 0.016524 0.012000 0.023645 0.198783 0.020767 0.000010 0.089099 0.280454 0.126095
0.007456 0.249703 0.009040 0.000010 0.000010 0.143461 0.021547 0.015675 0.070475 0.332159 0.150465
0.000010 0.286340 0.000010 0.003905 0.000010 0.093806 0.032641 0.008886 0.061736 0.371700 0.140956
0.008161 0.311246 0.000690 0.017431 0.000010 0.059919 0.006889 0.000010 0.057867 0.451340 0.086439
0.000010 0.282352 0.016188 0.001045 0.012545 0.164438 0.000010 0.012926 0.047683 0.361204 0.101599
0.019762 0.329137 0.000012 0.004833 0.000010 0.102861 0.033458 0.005209 0.040920 0.383520 0.080278
0.001948 0.299843 0.000010 0.000010 0.000010 0.113017 0.029497 0.003501 0.050969 0.427401 0.073794
0.000053 0.103911 0.048868 0.000010 0.000010 0.624754 0.000010 0.002004 0.023767 0.141773 0.054841
0.000010 0.169577 0.024501 0.001829 0.000010 0.477951 0.018087 0.008566 0.035116 0.234455 0.029897
0.000010 0.259406 0.001945 0.009943 0.013432 0.196632 0.014048 0.000010 0.047770 0.335648 0.121155
0.000010 0.333041 0.016139 0.019119 0.000123 0.089788 0.026081 0.018024 0.050365 0.384576 0.062734
0.000010 0.236866 0.005598 0.023844 0.011396 0.065173 0.000010 0.006124 0.078288 0.337410 0.235281
0.011892 0.278751 0.000010 0.000010 0.007440 0.015612 0.000010 0.006487 0.060000 0.424720 0.195068
0.000010 0.288279 0.007371 0.000010 0.015372 0.032939 0.015771 0.005444 0.053567 0.408219 0.173016
0.016606 0.243283 0.014520 0.003080 0.001031 0.152523 0.000010 0.008252 0.074736 0.275566 0.210393
0.006676 0.337589 0.007002 0.000010 0.000010 0.002771 0.017273 0.001683 0.056003 0.450208 0.120774
0.002185 0.268904 0.010476 0.005713 0.000010 0.003819 0.000010 0.008001 0.072943 0.412447 0.215491
0.013547 0.320366 0.009660 0.008258 0.007150 0.012595 0.016902 0.002783 0.042757 0.484336 0.081645
0.003337 0.248362 0.017158 0.000010 0.011404 0.108604 0.022835 0.005742 0.103499 0.284986 0.194064
0.003515 0.292344 0.002029 0.006368 0.000041 0.075131 0.006697 0.000010 0.071678 0.366146 0.176041
