0.001522 0.000010 0.004601 0.032747 0.144817 0.816293 0.000010
0.000010 0.008665 0.000010 0.026607 0.198446 0.766251 0.000010
0.000010 0.000010 0.000010 0.029843 0.172059 0.798058 0.000010
0.009396 0.000010 0.000010 0.017348 0.180019 0.793207 0.000010
0.008170 0.000010 0.000010 0.030542 0.198637 0.762621 0.000010
0.001182 0.000010 0.000010 0.024491 0.191711 0.782586 0.000010
0.006268 0.000010 0.000010 0.047485 0.139707 0.806510 0.000010
0.000010 0.000010 0.002189 0.032049 0.199206 0.766526 0.000010
0.006888 0.000010 0.000010 0.035807 0.205775 0.751500 0.000010
0.000994 0.000010 0.000010 0.035386 0.188454 0.775136 0.000010
0.004970 0.000104 0.000010 0.046756 0.194184 0.753966 0.000010
0.005649 0.000889 0.004162 0.025028 0.195463 0.768798 0.000010
0.006028 0.000010 0.000010 0.023386 0.184701 0.785855 0.000010
0.000010 0.000267 0.003382 0.009915 0.208261 0.778155 0.000010
0.002556 0.000010 0.002495 0.026758 0.164999 0.803172 0.000010
0.001584 0.002002 0.001847 0.043667 0.184996 0.765894 0.000010
0.001101 0.000010 0.000010 0.036078 0.179676 0.783116 0.000010
0.002983 0.000010 0.000010 0.024403 0.190647 0.781937 0.000010
0.000010 0.000010 0.000024 0.033806 0.180713 0.785427 0.000010
0.001978 0.000010 0.000010 0.036831 0.201925 0.759236 0.000010
0.003864 0.000010 0.000011 0.021935 0.205728 0.768443 0.000010
0.000010 0.002509 0.000010 0.030905 0.185458 0.781099 0.000010
0.009237 0.002853 0.000010 0.011994 0.179636 0.796261 0.000010
0.000010 0.006130 0.011503 0.017881 0.163981 0.800486 0.000010
0.000840 0.000010 0.000010 0.029523 0.173760 0.795848 0.000010
0.001207 0.002121 0.000010 0.034658 0.160846 0.801148 0.000010
0.002131 0.003223 0.006950 0.023933 0.186564 0.777190 0.000010
0.000010 0.000010 0.000010 0.056709 0.167776 0.775476 0.000010
0.003474 0.012060 0.000010 0.000010 0.177957 0.806479 0.000010
0.012282 0.005425 0.000010 0.026895 0.178446 0.776932 0.000010
0.000010 0.000010 0.000010 0.014139 0.209311 0.776509 0.000010
0.007473 0.000010 0.000010 0.025578 0.231039 0.735880 0.000010
0.000010 0.000010 0.000010 0.034043 0.230462 0.735455 0.000010
0.005565 0.000010 0.000046 0.022842 0.198448 0.773079 0.000010
0.000010 0.005633 0.000010 0.019588 0.230646 0.744103 0.000010
0.001986 0.000010 0.002052 0.031119 0.211832 0.752991 0.000010
0.000642 0.000010 0.000010 0.030974 0.223512 0.744842 0.000010
0.002269 0.002495 0.000010 0.032254 0.203312 0.759649 0.000010
0.001483 0.005105 0.000010 0.020479 0.187662 0.785251 0.000010
0.009777 0.000010 0.000010 0.014874 0.203813 0.771506 0.000010
0.000332 0.002149 0.000010 0.034476 0.191696 0.771326 0.000010
0.000010 0.000032 0.000010 0.033059 0.201733 0.765145 0.000010
0.000010 0.000010 0.000010 0.031018 0.219784 0.749158 0.000010
0.006406 0.006076 0.000010 0.012021 0.223538 0.751939 0.000010
0.010113 0.000010 0.000010 0.017238 0.202138 0.770482 0.000010
0.002788 0.001019 0.000010 0.040690 0.202346 0.753137 0.000010
0.001943 0.000345 0.000010 0.021116 0.209967 0.766610 0.000010
0.000010 0.000010 0.000010 0.021759 0.223382 0.754819 0.000010
0.008921 0.004037 0.000010 0.022878 0.215493 0.748651 0.000010
0.000011 0.008414 0.001258 0.038801 0.208612 0.742893 0.000010
0.000010 0.001189 0.000010 0.007695 0.222650 0.768437 0.000010
0.000010 0.004077 0.000010 0.015187 0.205988 0.774718 0.000010
0.000290 0.000010 0.000010 0.042521 0.215530 0.741629 0.000010
0.003111 0.005889 0.000574 0.008315 0.214904 0.767197 0.000010
0.000010 0.000010 0.006443 0.019810 0.208990 0.764727 0.000010
0.006356 0.010676 0.003106 0.025092 0.205589 0.749171 0.000010
0.000851 0.000010 0.000010 0.037475 0.214224 0.747420 0.000010
0.000010 0.000010 0.000010 0.010240 0.223879 0.765841 0.000010
0.000041 0.000847 0.000010 0.002559 0.226733 0.769801 0.000010
0.000010 0.007746 0.004240 0.001682 0.216243 0.770069 0.000010
0.017695 0.001899 0.000010 0.021568 0.214652 0.744166 0.000010
0.000575 0.006618 0.000010 0.016899 0.215683 0.760204 0.000010
0.000986 0.000010 0.000010 0.021214 0.190100 0.787670 0.000010
0.022120 0.006262 0.046801 0.004854 0.000010 0.919942 0.000010
0.017870 0.000010 0.060878 0.005356 0.000010 0.915866 0.000010
0.019140 0.000010 0.037100 0.006671 0.065873 0.871196 0.000010
0.018172 0.006392 0.044922 0.027652 0.000010 0.902841 0.000010
0.024452 0.003684 0.063079 0.020855 0.000010 0.887910 0.000010
0.019405 0.002229 0.046777 0.030558 0.000010 0.901011 0.000010
0.019406 0.000010 0.058282 0.026903 0.021946 0.873443 0.000010
0.016247 0.000010 0.058599 0.033670 0.022936 0.868528 0.000010
0.002076 0.010102 0.048573 0.058654 0.138205 0.742381 0.000010
0.024277 0.000877 0.056382 0.030951 0.000010 0.887493 0.000010
0.012778 0.008745 0.048481 0.046106 0.000010 0.883870 0.000010
0.019033 0.000010 0.060736 0.034710 0.000010 0.885491 0.000010
0.023538 0.008200 0.041791 0.020747 0.000010 0.905705 0.000010
0.023950 0.006750 0.068964 0.016304 0.000010 0.884011 0.000010
0.006739 0.000010 0.057143 0.025973 0.020416 0.889710 0.000010
0.019103 0.000199 0.051991 0.023123 0.014304 0.891270 0.000010
0.014280 0.000010 0.043387 0.045784 0.059072 0.837457 0.000010
0.009133 0.000010 0.000010 0.039031 0.235769 0.716037 0.000010
0.002754 0.003991 0.000010 0.022901 0.189613 0.780720 0.000010
0.000010 0.007073 0.000010 0.031673 0.235570 0.725654 0.000010
0.002194 0.000748 0.000010 0.033354 0.202373 0.761312 0.000010
0.000011 0.000010 0.004224 0.030976 0.220374 0.744395 0.000010
0.000010 0.000010 0.004208 0.011156 0.227194 0.757412 0.000010
0.000010 0.000010 0.003332 0.039221 0.204498 0.752918 0.000010
0.000010 0.002240 0.000010 0.045213 0.199139 0.753378 0.000010
0.000010 0.000010 0.000010 0.025387 0.210565 0.764007 0.000010
0.002110 0.000010 0.000010 0.023053 0.197421 0.777386 0.000010
0.012896 0.000301 0.000010 0.023255 0.201769 0.761760 0.000010
0.002529 0.000010 0.000010 0.023264 0.220479 0.753697 0.000010
0.003793 0.000814 0.000010 0.027041 0.218151 0.750182 0.000010
0.003072 0.000010 0.000010 0.016431 0.219939 0.760528 0.000010
0.012080 0.003916 0.000010 0.023989 0.226904 0.733091 0.000010
0.008702 0.000010 0.000010 0.032271 0.215992 0.743004 0.000010
0.000010 0.005630 0.000010 0.004512 0.212100 0.777728 0.000010
0.004049 0.000977 0.000010 0.050846 0.208578 0.735529 0.000010
0.012523 0.000010 0.000010 0.022828 0.226251 0.738369 0.000010
0.000010 0.000010 0.008999 0.034865 0.193432 0.762675 0.000010
0.001058 0.005940 0.000010 0.013385 0.215466 0.764131 0.000010
0.002763 0.002920 0.000010 0.038787 0.225561 0.729949 0.000010
0.000512 0.000010 0.000010 0.036868 0.208908 0.753682 0.000010
0.000010 0.000010 0.009924 0.014513 0.203628 0.771905 0.000010
0.000010 0.000010 0.000010 0.036412 0.222666 0.740883 0.000010
0.008827 0.001423 0.000080 0.014019 0.214634 0.761007 0.000010
0.002210 0.000010 0.000010 0.029727 0.215876 0.752158 0.000010
0.002008 0.000010 0.000010 0.023734 0.218475 0.755754 0.000010
0.000010 0.001507 0.000010 0.012077 0.240861 0.745524 0.000010
0.003759 0.000010 0.000010 0.025464 0.198768 0.771978 0.000010
0.003010 0.003572 0.000010 0.029828 0.208182 0.755388 0.000010
0.010294 0.000010 0.000010 0.000011 0.204756 0.784909 0.000010
0.000010 0.001514 0.000010 0.036559 0.194381 0.767516 0.000010
0.010435 0.001703 0.047936 0.037127 0.027826 0.874962 0.000010
0.014142 0.000010 0.066048 0.012607 0.002798 0.904385 0.000010
0.008411 0.001518 0.042730 0.040253 0.029247 0.877832 0.000010
0.018690 0.006933 0.036781 0.039705 0.000010 0.897871 0.000010
0.011153 0.018066 0.041014 0.011248 0.019701 0.898807 0.000010
0.009034 0.000010 0.079092 0.020880 0.000010 0.890963 0.000010
0.021139 0.000010 0.064039 0.028669 0.000010 0.886122 0.000010
0.013292 0.000010 0.056053 0.026307 0.036088 0.868241 0.000010
0.008555 0.002285 0.042147 0.019074 0.009799 0.918130 0.000010
0.013745 0.004747 0.035191 0.029559 0.038559 0.878189 0.000010
0.024509 0.010004 0.044040 0.032686 0.005989 0.882762 0.000010
0.015895 0.004928 0.019706 0.039825 0.044723 0.874912 0.000010
0.020204 0.000017 0.041213 0.051783 0.000010 0.886764 0.000010
0.017304 0.005097 0.042355 0.031360 0.000010 0.903863 0.000010
0.027158 0.005169 0.045505 0.023462 0.000010 0.898686 0.000010
0.002255 0.006250 0.062751 0.038422 0.000010 0.890302 0.000010
0.010682 0.000010 0.054371 0.032819 0.000010 0.902097 0.000010
0.013659 0.000010 0.073530 0.015699 0.000010 0.897083 0.000010
0.010284 0.000436 0.031120 0.044741 0.043680 0.869730 0.000010
0.011257 0.002262 0.058798 0.030267 0.000010 0.897396 0.000010
0.014223 0.001019 0.048585 0.022956 0.000010 0.913197 0.000010
0.008845 0.000010 0.044265 0.042754 0.012845 0.891272 0.000010
0.014350 0.000010 0.036108 0.005743 0.064835 0.878944 0.000010
0.010268 0.000637 0.034888 0.047144 0.027485 0.879568 0.000010
0.019961 0.005584 0.059275 0.008569 0.000010 0.906591 0.000010
0.021235 0.002114 0.054347 0.025802 0.032470 0.864022 0.000010
0.017306 0.000010 0.046736 0.014526 0.022903 0.898508 0.000010
0.008688 0.004990 0.054485 0.020095 0.000010 0.911722 0.000010
0.017988 0.005946 0.047613 0.014415 0.027691 0.886337 0.000010
0.031228 0.002776 0.047825 0.028625 0.011870 0.877665 0.000010
0.000010 0.000010 0.076516 0.005607 0.000010 0.917837 0.000010
0.022148 0.003154 0.048164 0.012282 0.000010 0.914231 0.000010
0.015155 0.002593 0.065400 0.013260 0.000010 0.903572 0.000010
0.022556 0.000010 0.042285 0.007007 0.002297 0.925834 0.000010
0.020320 0.000010 0.059377 0.024308 0.007414 0.888561 0.000010
0.014597 0.001860 0.051677 0.013428 0.008054 0.910374 0.000010
0.013995 0.000010 0.043676 0.027727 0.064687 0.849895 0.000010
0.016574 0.012996 0.035320 0.023812 0.010722 0.900567 0.000010
0.020634 0.000010 0.040616 0.018883 0.032515 0.887332 0.000010
0.023715 0.000010 0.037399 0.041488 0.025355 0.872023 0.000010
0.012969 0.000010 0.029710 0.038809 0.020372 0.898121 0.000010
0.010188 0.002091 0.052053 0.013535 0.020642 0.901481 0.000010
0.013185 0.000010 0.054668 0.026493 0.000010 0.905624 0.000010
0.012581 0.000010 0.035903 0.028808 0.040484 0.882204 0.000010
0.010694 0.003994 0.050167 0.030708 0.005350 0.899077 0.000010
0.008259 0.004772 0.070902 0.035654 0.017957 0.862445 0.000010
0.014531 0.000010 0.029196 0.065322 0.133476 0.752529 0.004936
0.018759 0.000010 0.063092 0.001082 0.000010 0.917037 0.000010
0.018447 0.008537 0.045119 0.007017 0.000010 0.920860 0.000010
0.004138 0.001225 0.022422 0.031382 0.084961 0.855862 0.000010
0.019429 0.001593 0.054980 0.024250 0.000010 0.899728 0.000010
0.016244 0.002952 0.045777 0.007750 0.046614 0.880653 0.000010
0.009232 0.010816 0.054573 0.018322 0.000010 0.907037 0.000010
0.012305 0.000010 0.028096 0.026067 0.087982 0.845530 0.000010
0.018799 0.000010 0.046594 0.033409 0.000298 0.900880 0.000010
0.015173 0.005658 0.059863 0.019646 0.003958 0.895692 0.000010
0.016438 0.000010 0.028627 0.025697 0.034982 0.894236 0.000010
0.015195 0.000119 0.048269 0.019853 0.005142 0.911412 0.000010
0.022829 0.000010 0.046234 0.000010 0.039476 0.891431 0.000010
0.029432 0.000010 0.056187 0.009926 0.000010 0.904424 0.000010
0.010035 0.000010 0.054619 0.022114 0.016873 0.896340 0.000010
0.016396 0.011788 0.030618 0.021713 0.031758 0.887718 0.000010
0.020745 0.005977 0.056119 0.019181 0.000010 0.897957 0.000010
0.015895 0.006811 0.054352 0.030108 0.004203 0.888622 0.000010
0.016725 0.000010 0.054657 0.020184 0.006223 0.902191 0.000010
0.023161 0.000344 0.054613 0.026002 0.000010 0.895859 0.000010
0.026036 0.000010 0.047301 0.044753 0.000010 0.881881 0.000010
0.020701 0.000010 0.057954 0.013317 0.021947 0.886061 0.000010
0.025139 0.005997 0.048905 0.008435 0.000010 0.911504 0.000010
0.022705 0.000010 0.041839 0.038963 0.000010 0.896463 0.000010
0.005076 0.007373 0.045694 0.037800 0.001894 0.902153 0.000010
0.015021 0.005545 0.046305 0.026348 0.000010 0.906761 0.000010
0.028487 0.000062 0.056729 0.021465 0.000010 0.893237 0.000010
0.007382 0.000269 0.057116 0.031067 0.000010 0.904145 0.000010
0.014635 0.005517 0.027977 0.021574 0.033317 0.896970 0.000010
0.026849 0.000176 0.055305 0.043431 0.015049 0.859180 0.000010
0.013584 0.005836 0.060375 0.003459 0.000010 0.916726 0.000010
0.016530 0.002226 0.048476 0.027355 0.000010 0.905394 0.000010
0.009129 0.003776 0.024279 0.036026 0.051744 0.875036 0.000010
0.017186 0.004646 0.047365 0.018244 0.023122 0.889428 0.000010
0.015964 0.004202 0.057214 0.027599 0.000010 0.895001 0.000010
0.019137 0.000077 0.063139 0.009087 0.000010 0.908540 0.000010
0.010119 0.000010 0.051172 0.035811 0.005021 0.897857 0.000010
0.010061 0.001049 0.988850 0.000010 0.000010 0.000010 0.000010
0.004140 0.000010 0.995810 0.000010 0.000010 0.000010 0.000010
0.000010 0.000010 0.999940 0.000010 0.000010 0.000010 0.000010
0.000010 0.000010 0.999940 0.000010 0.000010 0.000010 0.000010
0.000113 0.005396 0.994451 0.000010 0.000010 0.000010 0.000010
0.001242 0.001440 0.997278 0.000010 0.000010 0.000010 0.000010
0.001312 0.003336 0.995312 0.000010 0.000010 0.000010 0.000010
0.003403 0.000010 0.996547 0.000010 0.000010 0.000010 0.000010
0.003978 0.006053 0.989792 0.000010 0.000147 0.000010 0.000010
0.000010 0.000010 0.999940 0.000010 0.000010 0.000010 0.000010
0.001348 0.000010 0.998602 0.000010 0.000010 0.000010 0.000010
0.004803 0.000010 0.993965 0.000010 0.000010 0.001192 0.000010
0.000010 0.000010 0.999940 0.000010 0.000010 0.000010 0.000010
0.007791 0.000010 0.988523 0.000010 0.003646 0.000010 0.000010
0.000010 0.007441 0.992509 0.000010 0.000010 0.000010 0.000010
0.000010 0.000010 0.999940 0.000010 0.000010 0.000010 0.000010
0.008824 0.007925 0.983211 0.000010 0.000010 0.000010 0.000010
0.006446 0.001763 0.991751 0.000010 0.000010 0.000010 0.000010
0.000315 0.000010 0.999635 0.000010 0.000010 0.000010 0.000010
0.008481 0.000013 0.991466 0.000010 0.000010 0.000010 0.000010
0.001108 0.000010 0.995120 0.003731 0.000010 0.000010 0.000010
0.000010 0.005263 0.994687 0.000010 0.000010 0.000010 0.000010
0.000010 0.002271 0.997679 0.000010 0.000010 0.000010 0.000010
0.010423 0.000010 0.989527 0.000010 0.000010 0.000010 0.000010
0.005564 0.001015 0.993381 0.000010 0.000010 0.000010 0.000010
0.005490 0.000010 0.994460 0.000010 0.000010 0.000010 0.000010
0.006518 0.002155 0.991287 0.000010 0.000010 0.000010 0.000010
0.001491 0.000010 0.998459 0.000010 0.000010 0.000010 0.000010
0.006315 0.000010 0.993635 0.000010 0.000010 0.000010 0.000010
0.000243 0.005369 0.994348 0.000010 0.000010 0.000010 0.000010
0.002338 0.000010 0.997612 0.000010 0.000010 0.000010 0.000010
0.000010 0.001715 0.998235 0.000010 0.000010 0.000010 0.000010
0.000010 0.000010 0.999940 0.000010 0.000010 0.000010 0.000010
0.000010 0.000010 0.999940 0.000010 0.000010 0.000010 0.000010
0.003661 0.001635 0.994664 0.000010 0.000010 0.000010 0.000010
0.011598 0.001590 0.986772 0.000010 0.000010 0.000010 0.000010
0.000010 0.000010 0.999940 0.000010 0.000010 0.000010 0.000010
0.000341 0.004099 0.995520 0.000010 0.000010 0.000010 0.000010
0.001028 0.000010 0.998922 0.000010 0.000010 0.000010 0.000010
0.009693 0.001673 0.987497 0.001107 0.000010 0.000010 0.000010
0.001981 0.000010 0.997969 0.000010 0.000010 0.000010 0.000010
0.000010 0.000010 0.999940 0.000010 0.000010 0.000010 0.000010
0.000010 0.000010 0.999940 0.000010 0.000010 0.000010 0.000010
0.009032 0.000010 0.990918 0.000010 0.000010 0.000010 0.000010
0.151527 0.000010 0.011049 0.004680 0.335139 0.413964 0.083631
0.191485 0.001491 0.000010 0.012912 0.310330 0.304175 0.179596
0.108330 0.010240 0.000010 0.042617 0.324662 0.445065 0.069075
0.004383 0.000010 0.995567 0.000010 0.000010 0.000010 0.000010
0.000010 0.000010 0.999940 0.000010 0.000010 0.000010 0.000010
0.005242 0.000241 0.994477 0.000010 0.000010 0.000010 0.000010
0.000010 0.000010 0.999940 0.000010 0.000010 0.000010 0.000010
0.000010 0.000010 0.999940 0.000010 0.000010 0.000010 0.000010
0.003919 0.000010 0.996031 0.000010 0.000010 0.000010 0.000010
0.000010 0.000010 0.999940 0.000010 0.000010 0.000010 0.000010
0.000010 0.000010 0.999940 0.000010 0.000010 0.000010 0.000010
0.003550 0.000010 0.996400 0.000010 0.000010 0.000010 0.000010
0.000010 0.000010 0.999940 0.000010 0.000010 0.000010 0.000010
0.000010 0.003486 0.996464 0.000010 0.000010 0.000010 0.000010
0.000010 0.000010 0.999940 0.000010 0.000010 0.000010 0.000010
0.010249 0.000010 0.989701 0.000010 0.000010 0.000010 0.000010
0.002493 0.010410 0.974767 0.012301 0.000010 0.000010 0.000010
0.023350 0.000264 0.968267 0.000010 0.001632 0.006467 0.000010
0.002135 0.000010 0.997815 0.000010 0.000010 0.000010 0.000010
0.000010 0.000010 0.999940 0.000010 0.000010 0.000010 0.000010
0.000010 0.000010 0.999940 0.000010 0.000010 0.000010 0.000010
0.000010 0.000010 0.996210 0.003740 0.000010 0.000010 0.000010
0.000010 0.000010 0.999940 0.000010 0.000010 0.000010 0.000010
0.000094 0.000010 0.999856 0.000010 0.000010 0.000010 0.000010
0.004936 0.000010 0.995014 0.000010 0.000010 0.000010 0.000010
0.000010 0.002918 0.997032 0.000010 0.000010 0.000010 0.000010
0.000010 0.003594 0.996356 0.000010 0.000010 0.000010 0.000010
0.004625 0.000010 0.995285 0.000010 0.000050 0.000010 0.000010
0.000010 0.000010 0.999940 0.000010 0.000010 0.000010 0.000010
0.001874 0.006061 0.992025 0.000010 0.000010 0.000010 0.000010
0.000010 0.000010 0.999940 0.000010 0.000010 0.000010 0.000010
0.005313 0.004674 0.989974 0.000010 0.000010 0.000010 0.000010
0.006192 0.000010 0.993758 0.000010 0.000010 0.000010 0.000010
0.000010 0.000010 0.999940 0.000010 0.000010 0.000010 0.000010
0.000010 0.000010 0.999940 0.000010 0.000010 0.000010 0.000010
0.131589 0.007819 0.006250 0.000010 0.302643 0.408155 0.143534
0.143929 0.000186 0.005856 0.001790 0.317957 0.366366 0.163915
0.093713 0.000794 0.012536 0.040005 0.345746 0.440485 0.066722
0.155642 0.003322 0.010076 0.026652 0.322638 0.406560 0.075110
0.000010 0.002599 0.997351 0.000010 0.000010 0.000010 0.000010
0.000131 0.000010 0.999819 0.000010 0.000010 0.000010 0.000010
0.000010 0.000010 0.999940 0.000010 0.000010 0.000010 0.000010
0.000010 0.000010 0.999940 0.000010 0.000010 0.000010 0.000010
0.001274 0.008466 0.990220 0.000010 0.000010 0.000010 0.000010
0.003651 0.000010 0.996299 0.000010 0.000010 0.000010 0.000010
0.000010 0.005222 0.994728 0.000010 0.000010 0.000010 0.000010
0.000010 0.000316 0.999634 0.000010 0.000010 0.000010 0.000010
0.000010 0.004326 0.995624 0.000010 0.000010 0.000010 0.000010
0.000010 0.004616 0.995334 0.000010 0.000010 0.000010 0.000010
0.003679 0.007009 0.989273 0.000010 0.000010 0.000010 0.000010
0.000172 0.002563 0.997224 0.000010 0.000010 0.000010 0.000010
0.000010 0.000069 0.999881 0.000010 0.000010 0.000010 0.000010
0.003428 0.009671 0.986860 0.000010 0.000010 0.000010 0.000010
0.008075 0.002790 0.989095 0.000010 0.000010 0.000010 0.000010
0.004938 0.000010 0.995012 0.000010 0.000010 0.000010 0.000010
0.000010 0.000010 0.999940 0.000010 0.000010 0.000010 0.000010
0.000036 0.000010 0.999914 0.000010 0.000010 0.000010 0.000010
0.006651 0.002779 0.990529 0.000010 0.000010 0.000010 0.000010
0.000010 0.000010 0.999940 0.000010 0.000010 0.000010 0.000010
0.000010 0.000010 0.999940 0.000010 0.000010 0.000010 0.000010
0.000010 0.006582 0.993368 0.000010 0.000010 0.000010 0.000010
0.000010 0.000010 0.999940 0.000010 0.000010 0.000010 0.000010
0.000010 0.000010 0.999940 0.000010 0.000010 0.000010 0.000010
0.000010 0.000948 0.999002 0.000010 0.000010 0.000010 0.000010
0.082664 0.005737 0.014496 0.017228 0.394880 0.466613 0.018381
0.121011 0.005135 0.025604 0.006207 0.376847 0.418205 0.046992
0.201636 0.000821 0.006144 0.000010 0.295555 0.390894 0.104939
0.101575 0.015014 0.000010 0.000010 0.311975 0.515659 0.055757
0.104567 0.008804 0.000010 0.000010 0.294045 0.509998 0.082567
0.071423 0.003742 0.000010 0.027174 0.276706 0.575071 0.045874
0.132638 0.000010 0.012654 0.000010 0.311263 0.418583 0.124843
0.000010 0.013396 0.977190 0.007564 0.001820 0.000010 0.000010
0.000010 0.017839 0.982111 0.000010 0.000010 0.000010 0.000010
0.000010 0.016914 0.973991 0.009055 0.000010 0.000010 0.000010
0.000010 0.013069 0.986881 0.000010 0.000010 0.000010 0.000010
0.000010 0.013357 0.971269 0.015334 0.000010 0.000010 0.000010
0.000010 0.024375 0.975575 0.000010 0.000010 0.000010 0.000010
0.000010 0.017435 0.982515 0.000010 0.000010 0.000010 0.000010
0.000010 0.010159 0.986301 0.002202 0.001307 0.000010 0.000010
0.006886 0.015194 0.977880 0.000010 0.000010 0.000010 0.000010
0.000010 0.011742 0.981640 0.006578 0.000010 0.000010 0.000010
0.000010 0.010161 0.989789 0.000010 0.000010 0.000010 0.000010
0.000010 0.010036 0.977314 0.012611 0.000010 0.000010 0.000010
0.000010 0.015102 0.980033 0.004825 0.000010 0.000010 0.000010
0.000010 0.016795 0.981147 0.002018 0.000010 0.000010 0.000010
0.000010 0.014568 0.976445 0.008947 0.000010 0.000010 0.000010
0.000010 0.019999 0.978808 0.001152 0.000010 0.000010 0.000010
0.098887 0.000010 0.009582 0.023353 0.306907 0.485392 0.075869
0.137478 0.010454 0.005702 0.003831 0.327259 0.404367 0.110909
0.132509 0.000546 0.008820 0.000010 0.246045 0.385467 0.226603
0.182388 0.005814 0.000010 0.003054 0.271339 0.328054 0.209341
0.169693 0.000010 0.007036 0.019122 0.253530 0.340183 0.210426
0.157814 0.000010 0.008623 0.000010 0.345771 0.429833 0.057939
0.100822 0.001220 0.002913 0.038319 0.296726 0.436964 0.123035
0.103642 0.000010 0.017891 0.000010 0.336991 0.454313 0.087144
0.143659 0.002135 0.000697 0.004301 0.327661 0.449600 0.071947
0.122243 0.001172 0.014309 0.000010 0.324164 0.470159 0.067942
0.138897 0.010226 0.000010 0.004164 0.334600 0.430497 0.081606
0.150900 0.002402 0.009927 0.005460 0.326580 0.423101 0.081630
0.137633 0.012891 0.000010 0.000571 0.324751 0.471018 0.053125
0.149439 0.001393 0.000010 0.005519 0.349552 0.416269 0.077818
0.141771 0.009184 0.014438 0.003140 0.343357 0.409406 0.078704
0.040915 0.009533 0.009984 0.029354 0.332900 0.494043 0.083271
0.132918 0.018068 0.002523 0.028051 0.299081 0.365682 0.153677
0.210500 0.012002 0.000010 0.002437 0.304271 0.389077 0.081702
0.150293 0.010668 0.001635 0.000010 0.260944 0.378717 0.197734
0.167594 0.000780 0.000443 0.000523 0.317423 0.421249 0.091989
0.116775 0.000010 0.010663 0.026010 0.324387 0.409526 0.112628
0.182060 0.003261 0.008091 0.010614 0.290209 0.378302 0.127464
0.120503 0.000010 0.000145 0.000010 0.319056 0.422239 0.138037
0.123957 0.005815 0.010847 0.023812 0.322527 0.412887 0.100156
0.159843 0.007477 0.000010 0.000010 0.308932 0.432297 0.091431
0.135526 0.013483 0.003179 0.000010 0.342894 0.410393 0.094515
0.181653 0.003290 0.000221 0.000010 0.333013 0.343186 0.138628
0.127535 0.003042 0.002904 0.000010 0.263045 0.434213 0.169250
0.111932 0.000010 0.006367 0.023218 0.340534 0.433517 0.084422
0.080394 0.000010 0.000010 0.021663 0.327761 0.489973 0.080190
0.121324 0.000010 0.000013 0.000010 0.302682 0.354084 0.221877
0.072435 0.000010 0.000010 0.000010 0.094349 0.200692 0.632494
0.148991 0.000010 0.006960 0.021167 0.312502 0.391821 0.118548
0.129981 0.001003 0.010036 0.000010 0.316060 0.424631 0.118279
0.070892 0.008838 0.000010 0.016178 0.353254 0.532953 0.017875
0.265348 0.009891 0.015336 0.009466 0.321250 0.375047 0.003662
0.268633 0.008244 0.010336 0.000010 0.221815 0.345799 0.145163
0.238259 0.017729 0.010727 0.024891 0.247453 0.369382 0.091559
0.147447 0.000010 0.006259 0.000010 0.350156 0.477396 0.018722
0.210053 0.003074 0.004102 0.012468 0.257444 0.395300 0.117559
0.250176 0.004512 0.008160 0.000539 0.291273 0.358046 0.087293
0.328937 0.000010 0.005474 0.015503 0.266128 0.359169 0.024780
0.273299 0.000010 0.005413 0.015596 0.218238 0.313986 0.173458
0.249390 0.003960 0.004363 0.036845 0.276009 0.391246 0.038187
0.250656 0.003731 0.000209 0.000010 0.288718 0.403380 0.053296
0.415072 0.001013 0.025350 0.009483 0.171548 0.271510 0.106023
0.132231 0.007013 0.000010 0.017402 0.250573 0.364480 0.228292
0.063198 0.001771 0.000010 0.071107 0.424238 0.416846 0.022830
0.154737 0.000241 0.011291 0.007106 0.316577 0.395669 0.114379
0.138014 0.013368 0.003192 0.012740 0.274830 0.381933 0.175923
0.051492 0.005383 0.009256 0.000010 0.399055 0.468567 0.066238
0.113382 0.015911 0.004301 0.027839 0.321799 0.459206 0.057562
0.158764 0.010495 0.009757 0.000010 0.305533 0.434996 0.080445
0.186669 0.000010 0.022392 0.012371 0.305013 0.402499 0.071047
0.146000 0.000010 0.015178 0.014064 0.293646 0.396251 0.134851
0.152289 0.000010 0.017741 0.007639 0.303670 0.397319 0.121331
0.233714 0.002933 0.012765 0.000010 0.239143 0.328633 0.182802
0.212275 0.000768 0.018177 0.021558 0.237934 0.293248 0.216040
0.214015 0.017101 0.006726 0.000010 0.260922 0.347752 0.153474
0.194445 0.009329 0.000010 0.017845 0.294669 0.389270 0.094433
0.139054 0.000010 0.008979 0.009314 0.317019 0.464107 0.061517
0.144419 0.013095 0.008408 0.000010 0.285146 0.368059 0.180864
0.115862 0.005343 0.019479 0.019626 0.338590 0.398061 0.103040
0.121740 0.004074 0.000108 0.005726 0.308402 0.446221 0.113729
0.074673 0.001685 0.000010 0.000010 0.107625 0.143047 0.672951
0.063552 0.008142 0.000010 0.008123 0.174028 0.243924 0.502222
0.163536 0.000010 0.009269 0.013381 0.265135 0.348777 0.199892
0.109776 0.018484 0.000010 0.028476 0.340322 0.396917 0.106016
0.300508 0.008521 0.010480 0.014785 0.241167 0.352340 0.072198
0.241600 0.006086 0.020125 0.000010 0.280518 0.435138 0.016522
0.217642 0.006619 0.012553 0.000010 0.294652 0.427278 0.041245
0.270958 0.008047 0.021267 0.000010 0.247123 0.284764 0.167831
0.168598 0.002353 0.008558 0.000010 0.345831 0.465170 0.009479
0.273850 0.009148 0.004065 0.000010 0.271986 0.425749 0.015191
0.119215 0.003721 0.021583 0.006339 0.325792 0.501345 0.022005
0.288042 0.006731 0.017950 0.000010 0.257903 0.302796 0.126567
0.236250 0.000010 0.006439 0.001464 0.297428 0.380336 0.078075
0.285841 0.015458 0.016182 0.000010 0.214136 0.289872 0.178501
0.288953 0.012228 0.021232 0.000010 0.284499 0.358381 0.034697
0.044014 0.001116 0.000010 0.016816 0.365207 0.564829 0.008008
0.342757 0.005091 0.010674 0.002202 0.289020 0.339070 0.011186
0.346230 0.000010 0.001334 0.015856 0.241306 0.375416 0.019849
0.018589 0.000010 0.000010 0.021178 0.215886 0.744318 0.000010
0.536906 0.000595 0.027179 0.016785 0.176961 0.240292 0.001282
0.217567 0.000010 0.015395 0.000010 0.180777 0.242125 0.344115
0.378948 0.000010 0.004741 0.000010 0.242260 0.343159 0.030872
0.201164 0.000821 0.022484 0.015098 0.296132 0.414784 0.049517
0.205369 0.003557 0.016658 0.000010 0.329821 0.439960 0.004625
0.373238 0.000010 0.011519 0.013764 0.232137 0.324735 0.044597
0.368464 0.001256 0.005095 0.022312 0.209020 0.320252 0.073601
0.266552 0.003063 0.018813 0.006419 0.289819 0.403063 0.012272
0.185593 0.000010 0.014830 0.017846 0.323456 0.435810 0.022454
0.168406 0.001726 0.000010 0.003648 0.347685 0.466357 0.012168
0.300252 0.011937 0.000010 0.000010 0.272071 0.363082 0.052637
0.273843 0.000010 0.019079 0.000010 0.259544 0.434736 0.012778
0.225423 0.000010 0.013231 0.017344 0.278800 0.422331 0.042861
0.224561 0.003410 0.012620 0.018307 0.294976 0.388109 0.058017
0.252195 0.013315 0.005455 0.006172 0.241298 0.337403 0.144161
0.228788 0.000010 0.014937 0.000010 0.248771 0.398019 0.109465
0.246667 0.000010 0.000229 0.003620 0.340659 0.390398 0.018417
0.286029 0.000010 0.014443 0.002675 0.233645 0.320849 0.142348
0.273965 0.003359 0.014195 0.016113 0.267689 0.334319 0.090359
0.353565 0.009075 0.016592 0.006449 0.254648 0.316985 0.042685
0.237354 0.004249 0.000010 0.008651 0.277303 0.443443 0.028990
0.218872 0.011852 0.013091 0.005295 0.301587 0.393349 0.055955
0.132774 0.004864 0.005102 0.016862 0.339853 0.448990 0.051555
0.278688 0.000498 0.002666 0.000010 0.200563 0.236350 0.281225
0.111080 0.000343 0.011253 0.012947 0.362654 0.494019 0.007705
0.034449 0.010064 0.000010 0.001675 0.379774 0.560709 0.013320
0.219712 0.000342 0.000010 0.000010 0.237329 0.365988 0.176608
0.374783 0.001589 0.023620 0.034606 0.238489 0.306065 0.020848
0.378903 0.009949 0.007517 0.000010 0.230023 0.337337 0.036261
0.364800 0.009571 0.010066 0.000010 0.239917 0.328980 0.046656
0.352152 0.012017 0.002430 0.018628 0.194038 0.241231 0.179504
0.273790 0.001628 0.021553 0.010649 0.154002 0.235801 0.302577
0.301848 0.013061 0.004304 0.000010 0.216136 0.271232 0.193409
0.180498 0.000010 0.008946 0.000044 0.350031 0.441612 0.018860
0.126027 0.008181 0.013737 0.014747 0.276630 0.409970 0.150708
0.125740 0.000010 0.008886 0.017498 0.342676 0.489454 0.015737
0.154451 0.006785 0.000010 0.027103 0.352698 0.449918 0.009034
0.197776 0.000010 0.003094 0.032253 0.319720 0.430612 0.016535
0.380866 0.006821 0.022797 0.000010 0.201313 0.282835 0.105357
0.358504 0.008657 0.015850 0.000010 0.187596 0.302051 0.127332
0.347628 0.003530 0.005523 0.000010 0.248559 0.349066 0.045685
0.335290 0.003120 0.005613 0.002911 0.256419 0.349438 0.047209
0.000010 0.001503 0.016737 0.012484 0.382537 0.571532 0.015198
0.001436 0.000010 0.007146 0.000010 0.382463 0.594483 0.014452
0.001423 0.003019 0.000010 0.020402 0.379082 0.589165 0.006900
0.002397 0.006491 0.005850 0.000947 0.393861 0.584502 0.005952
0.002739 0.005132 0.000010 0.002577 0.396816 0.581263 0.011462
0.001752 0.009210 0.000010 0.000010 0.377753 0.601280 0.009986
0.000010 0.002446 0.005361 0.015654 0.404000 0.553599 0.018929
0.004385 0.003769 0.000010 0.019060 0.404454 0.562245 0.006077
0.003480 0.000010 0.000010 0.000010 0.361803 0.630042 0.004645
0.000010 0.008291 0.002626 0.000010 0.361774 0.621049 0.006240
0.000010 0.000010 0.000014 0.000010 0.347418 0.652528 0.000010
0.000010 0.000407 0.000010 0.000010 0.337506 0.662046 0.000010
0.000010 0.000010 0.000938 0.000010 0.343162 0.655861 0.000010
0.000010 0.000010 0.000010 0.000010 0.341614 0.658336 0.000010
0.003899 0.000010 0.000010 0.000010 0.335833 0.660229 0.000010
0.003188 0.000010 0.000010 0.000010 0.340237 0.656535 0.000010
0.008555 0.002767 0.009463 0.002175 0.391992 0.580519 0.004530
0.000010 0.008170 0.011160 0.002031 0.398014 0.567416 0.013198
0.009821 0.004390 0.000010 0.018346 0.392957 0.547905 0.026571
0.003477 0.000010 0.002232 0.007971 0.388316 0.582109 0.015886
0.002161 0.006045 0.003812 0.007105 0.365128 0.597806 0.017942
0.000010 0.005614 0.000010 0.037423 0.391683 0.547758 0.017502
0.000010 0.003840 0.018000 0.000010 0.343851 0.624448 0.009840
0.000010 0.001547 0.006684 0.015999 0.361455 0.606774 0.007531
0.212126 0.000736 0.008075 0.005589 0.323381 0.395480 0.054613
0.219300 0.006778 0.000010 0.003198 0.168276 0.221729 0.380709
0.654583 0.005598 0.005923 0.017966 0.152314 0.163606 0.000010
0.438368 0.005861 0.020054 0.018596 0.229678 0.274676 0.012767
0.614585 0.000010 0.019487 0.000010 0.165120 0.200778 0.000010
0.925323 0.000010 0.002194 0.000010 0.035591 0.036862 0.000010
0.417115 0.000010 0.000010 0.028261 0.198054 0.293834 0.062716
0.581067 0.000010 0.006452 0.001439 0.186700 0.212922 0.011411
0.000010 0.001002 0.980925 0.017198 0.000010 0.000845 0.000010
0.000010 0.021956 0.952477 0.019281 0.000010 0.006256 0.000010
0.000010 0.007447 0.977475 0.015038 0.000010 0.000010 0.000010
0.000010 0.011643 0.969474 0.018843 0.000010 0.000010 0.000010
0.000010 0.013510 0.967747 0.018704 0.000010 0.000010 0.000010
0.000010 0.012659 0.979663 0.006053 0.001595 0.000010 0.000010
0.007646 0.006809 0.000010 0.024424 0.391785 0.555132 0.014194
0.006614 0.003648 0.002554 0.014186 0.357121 0.598789 0.017089
0.007547 0.010511 0.004051 0.001776 0.368133 0.606574 0.001409
0.002374 0.000010 0.002570 0.000010 0.387222 0.602368 0.005446
0.003817 0.004613 0.000010 0.020882 0.386270 0.578873 0.005535
0.000010 0.010716 0.006521 0.004761 0.362165 0.603355 0.012472
0.000010 0.003152 0.002484 0.006654 0.412540 0.563649 0.011510
0.000010 0.000010 0.007620 0.004788 0.389210 0.576664 0.021698
0.002174 0.001404 0.000010 0.039014 0.377012 0.580377 0.000010
0.000010 0.003060 0.013339 0.010709 0.370613 0.597438 0.004830
0.001708 0.001573 0.019834 0.004731 0.396031 0.568019 0.008105
0.008009 0.000573 0.019640 0.000010 0.379993 0.585119 0.006655
0.000010 0.001554 0.000010 0.030804 0.378634 0.578633 0.010355
0.000940 0.000358 0.012384 0.000010 0.394661 0.576373 0.015273
0.003951 0.004334 0.000010 0.006639 0.388810 0.579961 0.016295
0.000010 0.005028 0.011905 0.002164 0.401350 0.567611 0.011932
0.005231 0.006609 0.000010 0.002676 0.387188 0.593369 0.004918
0.001727 0.001390 0.012505 0.018888 0.452869 0.500137 0.012484
0.000010 0.004943 0.000010 0.026044 0.451851 0.466636 0.050505
0.001717 0.008811 0.009816 0.006479 0.449000 0.482717 0.041459
0.001634 0.000010 0.000010 0.016800 0.408416 0.573121 0.000010
0.000010 0.000010 0.002869 0.005403 0.415619 0.573379 0.002711
0.008316 0.004871 0.002508 0.032949 0.351436 0.576629 0.023291
0.000010 0.007380 0.000010 0.001891 0.376618 0.576854 0.037237
0.000010 0.007119 0.006988 0.014049 0.379309 0.586150 0.006374
0.007000 0.000010 0.000010 0.028546 0.364689 0.594006 0.005739
0.000010 0.002085 0.005645 0.012163 0.367342 0.612745 0.000010
0.000010 0.004555 0.000010 0.015014 0.394125 0.586275 0.000010
0.005405 0.005754 0.000010 0.000010 0.385657 0.603154 0.000010
0.000010 0.013960 0.012730 0.000010 0.381194 0.592085 0.000010
0.000010 0.011400 0.001646 0.000010 0.363189 0.621754 0.001991
0.006404 0.000010 0.005377 0.000010 0.374310 0.601980 0.011909
0.000010 0.004505 0.000010 0.002905 0.379600 0.612959 0.000010
0.000010 0.005842 0.006832 0.000010 0.386254 0.601043 0.000010
0.002373 0.000010 0.005909 0.009211 0.394699 0.566504 0.021293
0.000010 0.002441 0.001634 0.023175 0.338166 0.619046 0.015528
0.000355 0.002811 0.000010 0.021612 0.425219 0.508816 0.041176
0.005382 0.000010 0.008347 0.000010 0.415022 0.528677 0.042553
0.005654 0.014361 0.000010 0.021706 0.388234 0.556107 0.013928
0.000010 0.000010 0.011644 0.014501 0.420362 0.535634 0.017838
0.000010 0.005395 0.000010 0.000010 0.324579 0.669986 0.000010
0.000010 0.000010 0.000010 0.000010 0.361801 0.638149 0.000010
0.000010 0.000010 0.009788 0.018694 0.391857 0.553650 0.025991
0.000010 0.001363 0.009805 0.000010 0.407387 0.560355 0.021071
0.005156 0.011847 0.007476 0.001686 0.376071 0.586563 0.011201
0.001041 0.000288 0.010372 0.038293 0.360902 0.577416 0.011689
0.000010 0.000010 0.003837 0.013376 0.414822 0.554157 0.013788
0.000010 0.000010 0.000010 0.023206 0.383286 0.578761 0.014717
0.000010 0.005207 0.008917 0.000010 0.378251 0.607087 0.000518
0.010059 0.000010 0.005661 0.009827 0.387150 0.581057 0.006235
0.000010 0.000010 0.017105 0.002836 0.393052 0.577674 0.009312
0.000597 0.000777 0.002787 0.033938 0.398200 0.550105 0.013596
0.000010 0.000010 0.003194 0.008991 0.386694 0.594859 0.006243
0.000010 0.000232 0.000010 0.000010 0.355705 0.639029 0.005004
0.009789 0.005491 0.001353 0.002236 0.352989 0.617173 0.010970
0.010384 0.000010 0.000010 0.000010 0.371477 0.617721 0.000388
0.000010 0.003499 0.000010 0.017222 0.382485 0.594259 0.002515
0.005474 0.000010 0.000010 0.000010 0.387327 0.603598 0.003570
0.000010 0.006846 0.003933 0.014986 0.357971 0.616244 0.000010
0.003171 0.003479 0.009734 0.000010 0.369004 0.614591 0.000010
0.000010 0.002577 0.000010 0.004047 0.380459 0.611664 0.001234
0.002155 0.000010 0.003945 0.006081 0.367008 0.613801 0.007001
0.005128 0.000010 0.000010 0.020895 0.386312 0.570770 0.016874
0.000010 0.000010 0.008155 0.009527 0.377882 0.595049 0.009367
0.007582 0.005802 0.000010 0.021440 0.195222 0.769934 0.000010
0.002731 0.000010 0.000010 0.045038 0.223160 0.729041 0.000010
0.000010 0.000310 0.000010 0.046554 0.225794 0.727313 0.000010
0.000010 0.007091 0.992859 0.000010 0.000010 0.000010 0.000010
0.000010 0.013291 0.981218 0.005451 0.000010 0.000010 0.000010
0.000010 0.008690 0.991260 0.000010 0.000010 0.000010 0.000010
0.000010 0.023119 0.976831 0.000010 0.000010 0.000010 0.000010
0.009756 0.002151 0.986027 0.000010 0.002035 0.000010 0.000010
0.000010 0.007441 0.992509 0.000010 0.000010 0.000010 0.000010
0.000010 0.005015 0.994935 0.000010 0.000010 0.000010 0.000010
0.000010 0.012624 0.987326 0.000010 0.000010 0.000010 0.000010
0.000010 0.014443 0.985507 0.000010 0.000010 0.000010 0.000010
0.000010 0.020938 0.979012 0.000010 0.000010 0.000010 0.000010
0.000010 0.018218 0.981732 0.000010 0.000010 0.000010 0.000010
0.000010 0.012375 0.987575 0.000010 0.000010 0.000010 0.000010
0.000010 0.015504 0.977197 0.007259 0.000010 0.000010 0.000010
0.000010 0.010330 0.982183 0.007447 0.000010 0.000010 0.000010
0.000010 0.002339 0.997611 0.000010 0.000010 0.000010 0.000010
0.000010 0.006885 0.984546 0.008530 0.000010 0.000010 0.000010
0.000010 0.004936 0.989057 0.005967 0.000010 0.000010 0.000010
0.000010 0.007277 0.992673 0.000010 0.000010 0.000010 0.000010
0.000010 0.005708 0.986421 0.007831 0.000010 0.000010 0.000010
0.000010 0.017774 0.976929 0.001008 0.004259 0.000010 0.000010
0.000010 0.016178 0.983772 0.000010 0.000010 0.000010 0.000010
0.000010 0.016664 0.983286 0.000010 0.000010 0.000010 0.000010
0.000010 0.015942 0.967725 0.016293 0.000010 0.000010 0.000010
0.000010 0.009325 0.973638 0.009127 0.007880 0.000010 0.000010
0.000010 0.016879 0.960238 0.022064 0.000789 0.000010 0.000010
0.000010 0.011276 0.974526 0.014158 0.000010 0.000010 0.000010
0.000010 0.014642 0.954658 0.029384 0.001286 0.000010 0.000010
0.000010 0.011477 0.968201 0.020283 0.000010 0.000010 0.000010
0.000010 0.007851 0.961373 0.022880 0.007866 0.000010 0.000010
0.000010 0.013584 0.957811 0.028564 0.000010 0.000010 0.000010
0.000010 0.011966 0.963491 0.024503 0.000010 0.000010 0.000010
0.000010 0.010248 0.956650 0.033062 0.000010 0.000010 0.000010
0.000010 0.006520 0.971144 0.020748 0.000010 0.001557 0.000010
0.000010 0.018736 0.969636 0.011588 0.000010 0.000010 0.000010
0.000010 0.019954 0.954161 0.025845 0.000010 0.000010 0.000010
0.000010 0.014778 0.972586 0.012596 0.000010 0.000010 0.000010
0.000010 0.012607 0.956965 0.030388 0.000010 0.000010 0.000010
0.000010 0.015996 0.962317 0.021647 0.000010 0.000010 0.000010
0.000010 0.014066 0.964416 0.020822 0.000665 0.000010 0.000010
0.000010 0.010889 0.984837 0.004234 0.000010 0.000010 0.000010
0.000010 0.002642 0.984607 0.009421 0.003301 0.000010 0.000010
0.002259 0.015494 0.957000 0.025217 0.000010 0.000010 0.000010
0.000010 0.004066 0.975688 0.020206 0.000010 0.000010 0.000010
0.000010 0.006321 0.977524 0.013618 0.002506 0.000010 0.000010
0.000010 0.018154 0.960643 0.021163 0.000010 0.000010 0.000010
0.000010 0.014726 0.975129 0.008413 0.001664 0.000048 0.000010
0.000010 0.019401 0.945801 0.034758 0.000010 0.000010 0.000010
0.000010 0.013426 0.960363 0.026171 0.000010 0.000010 0.000010
0.000010 0.012632 0.962670 0.021156 0.003512 0.000010 0.000010
0.000010 0.005313 0.981948 0.011558 0.000057 0.001104 0.000010
0.004838 0.016681 0.966988 0.011462 0.000010 0.000010 0.000010
0.000010 0.019583 0.962295 0.018082 0.000010 0.000010 0.000010
0.001419 0.014788 0.965910 0.016771 0.000010 0.001092 0.000010
0.001393 0.018284 0.966124 0.008611 0.002224 0.003354 0.000010
0.000010 0.011937 0.962320 0.025703 0.000010 0.000010 0.000010
0.000010 0.017848 0.957187 0.024925 0.000010 0.000010 0.000010
0.002981 0.000010 0.021744 0.008344 0.040622 0.100245 0.826054
0.008721 0.027359 0.080726 0.281747 0.004047 0.045722 0.551677
0.002598 0.000763 0.000010 0.001772 0.000010 0.037158 0.957688
0.000010 0.000010 0.012258 0.004794 0.032385 0.101772 0.848771
0.000010 0.000010 0.002243 0.000010 0.026740 0.036248 0.934738
0.004807 0.001501 0.000010 0.001914 0.029188 0.085639 0.876941
0.001367 0.000010 0.000010 0.000010 0.002410 0.026444 0.969750
0.004583 0.000010 0.000010 0.001291 0.033380 0.087245 0.873482
0.683975 0.000010 0.007986 0.000010 0.103901 0.133541 0.070577
0.545045 0.000010 0.006538 0.009276 0.153181 0.167291 0.118658
0.000010 0.005186 0.001949 0.000010 0.012262 0.074423 0.906160
0.001274 0.000010 0.001823 0.003479 0.000509 0.024974 0.967932
0.001436 0.000010 0.000010 0.000010 0.020652 0.076846 0.901037
0.000252 0.005652 0.000010 0.006344 0.043097 0.103288 0.841357
0.002867 0.000010 0.000010 0.018804 0.027655 0.032429 0.918225
0.823085 0.002042 0.000010 0.003449 0.077313 0.085602 0.008500
0.749735 0.000010 0.000010 0.028559 0.099765 0.121911 0.000010
0.949312 0.000010 0.000010 0.000010 0.022451 0.028197 0.000010
0.717460 0.004809 0.015579 0.000010 0.106918 0.155214 0.000010
0.899189 0.000010 0.010051 0.000010 0.050838 0.039892 0.000010
0.648488 0.000010 0.073729 0.000010 0.064713 0.101769 0.111281
